0 3176 1377
1 5591 8391
2 2971 4148
3 7350 1020
4 7432 679
5 7411 5867
6 3463 3398
7 9737 8845
8 3358 6283
9 9176 2829
10 447 7538
11 8881 3500
12 4570 6676
13 4727 1226
14 6931 3726
15 8305 1664
16 7805 2145
17 6876 350
18 1515 6702
19 4635 4360
20 3308 7960
21 8252 6897
22 4933 9453
23 5436 6420
24 8066 1602
25 1790 1480
26 2049 2387
27 7580 8141
28 6877 7939
29 460 3944
30 1026 1211
31 463 5434
32 2849 7823
33 6054 744
34 3490 4882
35 2455 5414
36 4998 1911
37 659 3298
38 8730 14
39 2746 4061
40 4658 4820
41 9124 6320
42 9293 9376
43 9750 8794
44 5511 3953
45 841 4668
46 7477 3635
47 3128 1354
48 9098 5964
49 8713 2242
50 1676 9695
51 8669 4546
52 1345 41
53 8506 6437
54 510 9590
55 4306 5369
56 2896 734
57 2699 2504
58 8161 8317
59 1452 893
60 2987 9659
61 5130 9611
62 208 8543
63 6929 2329
64 3094 5101
65 2275 3906
66 5162 4889
67 495 5655
68 8293 292
69 3762 8190
70 6650 1448
71 3426 2075
72 1291 8750
73 7043 2061
74 1830 4434
75 2063 5833
76 3845 7353
77 9426 5904
78 8387 7265
79 6227 2813
80 1216 7769
81 3429 5161
82 9768 7265
83 6146 7764
84 9017 7395
85 1665 3007
86 7310 8462
87 9500 274
88 8027 287
89 6151 1968
90 1368 1987
91 6089 1478
92 6682 1262
93 1504 6495
94 1747 967
95 961 2924
96 6752 9313
97 427 3429
98 8803 3254
99 3911 3391
100 2167 8724
101 4457 564
102 5952 4329
103 472 3166
104 2969 3581
105 7863 3414
106 6574 281
107 6770 2376
108 6123 4532
109 9088 9674
110 5832 959
111 6602 3089
112 9400 155
113 8450 6290
114 7385 9473
115 8731 8403
116 1142 6206
117 6556 1985
118 8771 9437
119 9671 7067
120 6644 2380
121 5622 8917
122 2932 3635
123 6895 2194
124 792 1034
125 8156 1574
126 8472 9813
127 7243 485
128 1517 1087
129 4974 5907
130 3227 104
131 9027 3701
132 2161 5218
133 3702 6525
134 1038 8549
135 3776 5274
136 7069 189
137 686 6329
138 9854 6108
139 4926 780
140 5003 5491
141 1630 3400
142 2903 3524
143 1261 8329
144 3557 6300
145 2048 9088
146 4821 1163
147 9069 5474
148 6817 5664
149 2062 3604
150 4006 6513
151 1714 6866
152 3408 7882
153 2934 1818
154 4450 6171
155 9462 9585
156 5202 1730
157 5366 6522
158 8931 3627
159 2026 4754
160 4815 8926
161 7564 5716
162 3583 2840
163 9125 5922
164 73 2217
165 6419 8372
166 1468 4081
167 9915 5537
168 670 7693
169 888 1326
170 5138 1994
171 3237 8627
172 1747 5394
173 5912 9862
174 5873 9856
175 8154 1917
176 7273 8019
177 2965 4098
178 7578 1035
179 5407 2299
180 2679 6969
181 1790 4393
182 8082 412
183 2351 595
184 876 6843
185 5628 9871
186 2467 7326
187 9617 995
188 8011 1969
189 1000 3741
190 1874 2477
191 1662 8134
192 4125 6956
193 8947 1604
194 3050 3181
195 8637 304
196 1804 7114
197 8589 8442
198 3381 1374
199 3922 1703
200 131 9408
201 2552 5378
202 2666 6143
203 883 6119
204 7291 6930
205 8774 6573
206 3395 6184
207 2257 1499
208 9247 5800
209 6903 4208
210 7134 1074
211 3795 895
212 4312 1997
213 9618 5303
214 1753 6601
215 4023 1188
216 6276 772
217 6556 762
218 2376 5511
219 2848 4716
220 2723 8411
221 7535 1615
222 6526 6485
223 5631 1169
224 4952 3705
225 9305 2136
226 5706 6912
227 1734 8458
228 2726 1764
229 3095 5922
230 3621 341
231 8092 2103
232 5489 619
233 6130 934
234 8478 34
235 5029 4116
236 1071 3632
237 8536 3759
238 8448 1568
239 5840 3090
240 3328 6172
241 7217 1309
242 6290 5609
243 9514 2368
244 1659 2271
245 54 2148
246 2918 5363
247 2957 7619
248 7854 9141
249 782 8594
250 5043 7699
251 4740 211
252 251 9647
253 7851 717
254 4160 5790
255 4018 4184
256 1557 5622
257 2198 847
258 6545 5173
259 4370 7179
260 7761 2794
261 4611 6303
262 2726 7597
263 4696 8857
264 4558 7095
265 3677 5839
266 8551 3196
267 8964 271
268 483 4405
269 6598 7073
270 8669 5800
271 6151 5280
272 965 6317
273 9166 5719
274 1366 9298
275 2860 3410
276 3500 8159
277 3092 5898
278 3024 6812
279 3330 1012
280 3455 5595
281 1527 4979
282 4708 3072
283 3427 1266
284 8951 3221
285 3945 551
286 5193 789
287 5997 1592
288 6344 9919
289 2183 8541
290 5505 3584
291 9583 9066
292 1008 3039
293 74 6588
294 3553 4847
295 2773 3850
296 9531 2059
297 8557 2717
298 7147 4546
299 5756 8151
300 2584 5888
301 2735 7288
302 3539 3056
303 8329 9587
304 6957 7951
305 4686 7441
306 3151 5134
307 8088 3137
308 1728 4110
309 3900 4687
310 3617 45
311 9083 8110
312 4084 1078
313 3693 556
314 6496 6743
315 9771 8082
316 7734 3672
317 3632 5127
318 8558 7176
319 2373 2047
320 8587 8558
321 1739 7856
322 9770 345
323 6924 5143
324 8520 4788
325 742 3819
326 4529 1375
327 609 73
328 2064 290
329 7349 9006
330 8600 7737
331 8959 7960
332 8910 1869
333 586 4253
334 9795 405
335 2156 8901
336 9997 4
337 4173 7601
338 6569 9888
339 8456 1392
340 5751 6943
341 9223 7611
342 442 936
343 8667 5106
344 3550 2181
345 6590 2213
346 2794 434
347 4937 4065
348 4083 1480
349 3161 3877
350 2457 6671
351 4564 1279
352 4010 794
353 3318 4521
354 9646 589
355 9063 9115
356 319 1125
357 9792 6997
358 9651 8968
359 379 10
360 6118 3779
361 7462 9562
362 7779 9095
363 815 3794
364 2798 2484
365 2382 6417
366 5534 3949
367 7278 5363
368 2016 9526
369 7342 9079
370 5186 4795
371 6220 6386
372 7740 1817
373 8309 9202
374 300 7597
375 3334 8943
376 5038 9357
377 2206 8763
378 3446 2383
379 511 9333
380 354 3427
381 2799 7627
382 9499 1094
383 1202 2334
384 7898 7382
385 8830 5694
386 9038 3314
387 5565 6574
388 7310 4464
389 640 7666
390 9883 1719
391 8307 9789
392 5409 9588
393 5766 6780
394 1745 3391
395 3135 4111
396 6372 3750
397 6873 5942
398 3424 664
399 9629 4263
400 6702 3910
401 6425 4955
402 3116 3847
403 4647 5047
404 4206 6045
405 8324 2417
406 7810 5231
407 3793 5469
408 3505 114
409 907 6317
410 9389 1864
411 6423 4856
412 9708 8141
413 8749 2397
414 8168 373
415 271 888
416 7513 3565
417 6923 977
418 743 4278
419 4018 9693
420 2663 7208
421 227 2916
422 6046 7490
423 9559 3497
424 5009 6286
425 928 5467
426 3109 9012
427 5168 1416
428 5094 5902
429 126 3225
430 4183 4359
431 2625 1594
432 715 7105
433 5177 2785
434 1988 5888
435 8671 917
436 3448 6996
437 2572 1006
438 500 9305
439 980 6009
440 9536 1938
441 6704 1180
442 7193 9400
443 1844 2641
444 9293 9385
445 2800 2061
446 3613 2050
447 9738 8024
448 1851 9095
449 3742 747
450 5454 452
451 9317 9268
452 1653 4755
453 3652 4871
454 1867 40
455 6630 2456
456 1688 8703
457 3925 4007
458 4829 3303
459 3821 2141
460 5999 6575
461 3173 4171
462 4860 3265
463 3350 7324
464 4952 55
465 2998 6274
466 4807 7985
467 2377 598
468 2971 6730
469 3587 564
470 6122 5992
471 883 5191
472 721 9496
473 3637 9505
474 5916 5472
475 5980 2329
476 2156 9672
477 5737 3114
478 6283 9200
479 3142 3668
480 4421 885
481 4932 9
482 355 2672
483 1355 327
484 5089 1203
485 5216 1781
486 89 146
487 7213 1121
488 3083 19
489 6559 5504
490 6685 7147
491 3478 199
492 8474 8024
493 8679 8133
494 241 1037
495 8717 7581
496 9674 5742
497 3961 5844
498 6629 5850
499 278 2751
500 4643 8269
501 1712 3281
502 4436 5747
503 8834 4405
504 6974 5995
505 6620 6165
506 6020 1235
507 8590 7042
508 3957 655
509 326 2954
510 1488 6509
511 3698 8824
512 4929 2600
513 4401 3300
514 9397 9702
515 8756 5188
516 9107 7116
517 4061 8759
518 4678 7471
519 1081 8279
520 2598 6322
521 4480 1661
522 6836 9483
523 6771 491
524 9500 2879
525 6344 8381
526 2021 8646
527 7639 7980
528 2132 9632
529 6472 4195
530 3073 6722
531 5186 1719
532 4927 1933
533 8132 9403
534 7595 2287
535 2992 6815
536 2533 5816
537 9763 1856
538 9276 3040
539 9492 835
540 378 7865
541 9084 3593
542 7723 9059
543 4769 7894
544 7425 9394
545 3960 2709
546 3595 7737
547 1416 5306
548 5236 603
549 1410 5699
550 1367 235
551 9191 3827
552 6580 9555
553 2135 3470
554 2343 2364
555 8333 5716
556 9943 6778
557 4329 4127
558 8270 3616
559 8606 6463
560 2139 6458
561 802 8628
562 7709 8058
563 5722 1001
564 5814 406
565 3962 788
566 6484 8358
567 8798 6455
568 9790 8107
569 7332 6
570 4447 839
571 8269 9052
572 9092 7930
573 5651 8818
574 7638 4694
575 7677 8440
576 896 4880
577 9446 446
578 6028 7198
579 7446 4624
580 2001 8155
581 3830 4863
582 3432 2502
583 1393 7812
584 5071 5222
585 4749 6653
586 2764 1376
587 9977 6255
588 9922 8320
589 4096 222
590 2173 5112
591 4226 1462
592 9052 7867
593 8775 8897
594 3326 7422
595 5328 157
596 5299 9955
597 3017 8978
598 4944 8097
599 5665 2961
600 8524 9081
601 6352 5667
602 4756 6590
603 5384 4201
604 7759 7770
605 1009 2982
606 4655 4713
607 1726 511
608 7291 5395
609 170 9908
610 1930 1706
611 803 1380
612 8255 1708
613 292 8796
614 8769 4668
615 8321 4367
616 3977 7838
617 3560 3404
618 4151 8099
619 670 8622
620 5659 684
621 3786 4496
622 9377 8547
623 7321 1998
624 7822 4788
625 7860 78
626 2858 5971
627 6124 7863
628 3724 6984
629 1017 1517
630 7333 2786
631 6397 3425
632 9169 2223
633 1303 3343
634 4669 9908
635 9994 8024
636 5617 7032
637 1392 9602
638 6921 4912
639 9502 1702
640 4815 6051
641 8640 831
642 8419 234
643 4015 7005
644 8925 9669
645 2374 4733
646 5242 742
647 9481 5378
648 8247 9452
649 5622 338
650 8127 6455
651 9205 2206
652 8276 6903
653 662 4493
654 2037 5122
655 6550 6359
656 9536 9340
657 3939 9889
658 1446 3551
659 3648 2569
660 7997 7900
661 5360 4676
662 9503 806
663 658 5047
664 7064 5287
665 3641 7119
666 608 1715
667 2245 5543
668 876 1541
669 5432 9057
670 8280 5011
671 4048 9662
672 6621 4857
673 828 3829
674 346 3779
675 7335 5117
676 8911 2842
677 7577 3716
678 8428 8862
679 5429 3771
680 4288 5380
681 8879 4142
682 7816 3119
683 5634 8089
684 9334 7921
685 2694 1313
686 8225 6180
687 665 4725
688 3495 7819
689 2678 4471
690 1982 183
691 2186 9343
692 4905 3708
693 6040 9699
694 1942 6869
695 8883 4206
696 6689 2258
697 469 4705
698 1969 5878
699 2173 7390
700 2286 4421
701 7311 6039
702 8651 6504
703 7812 9895
704 67 7348
705 4084 8272
706 9264 8074
707 5220 2031
708 1699 9510
709 5828 2070
710 6679 8204
711 9698 8591
712 3973 5016
713 8819 4945
714 3762 5985
715 7974 4689
716 319 4514
717 9710 2815
718 8628 1141
719 6917 5943
720 7492 6295
721 3725 9064
722 6519 3705
723 3581 2942
724 8608 2824
725 8472 5279
726 266 6227
727 7080 2681
728 436 1523
729 6714 2594
730 4648 27
731 6314 4545
732 520 7247
733 9703 1079
734 53 4699
735 8784 9331
736 6765 1977
737 5740 9464
738 3328 3927
739 1108 8751
740 8012 1206
741 2713 9594
742 648 6516
743 804 7682
744 3976 12
745 1574 6734
746 1053 1258
747 9859 4946
748 7293 2726
749 4232 8577
750 383 4467
751 3803 1200
752 4895 7689
753 1571 7625
754 4212 8624
755 1558 6853
756 3724 8987
757 962 7469
758 5106 5845
759 7001 9048
760 1598 461
761 2825 9918
762 3418 1628
763 8668 8389
764 3423 2303
765 3522 3586
766 3158 7426
767 4914 2081
768 581 69
769 5594 6515
770 946 220
771 4191 276
772 1816 9346
773 7752 6041
774 2620 913
775 1034 9649
776 6217 6982
777 4926 145
778 3779 3782
779 5863 4212
780 5100 7991
781 7235 7465
782 2429 2461
783 6193 4294
784 5955 2258
785 6936 6078
786 7989 8412
787 7190 1382
788 8792 2997
789 7911 848
790 4359 3010
791 6854 9484
792 4900 6906
793 1651 733
794 3216 3140
795 5909 4437
796 5021 783
797 6329 3245
798 893 4559
799 2284 7565
800 5620 8124
801 5872 8598
802 6602 9595
803 6990 9267
804 3340 3953
805 6824 9387
806 3748 2833
807 1677 3034
808 5360 6912
809 97 8431
810 3655 8897
811 5396 5004
812 3 4138
813 7231 6518
814 3863 547
815 5667 5623
816 4354 6685
817 958 2938
818 9114 9969
819 3353 7594
820 5439 9754
821 8709 3717
822 8779 1970
823 4422 755
824 6639 5313
825 8942 614
826 6525 2048
827 6872 3022
828 2026 5240
829 7267 413
830 9207 1095
831 5785 1386
832 9521 2561
833 9297 5631
834 7495 8982
835 3684 4907
836 1828 3928
837 1565 7336
838 1872 1638
839 2309 661
840 2013 4215
841 6718 3274
842 6506 9013
843 6019 2413
844 4885 5501
845 2809 9854
846 3925 4104
847 1213 7540
848 9444 2465
849 7979 7540
850 4844 383
851 5435 510
852 2160 2490
853 269 4575
854 6531 3659
855 51 3435
856 9564 8009
857 5536 7840
858 3347 6621
859 8141 6789
860 753 9659
861 1306 5174
862 1798 2937
863 3551 4732
864 1759 7423
865 8722 5942
866 7065 5479
867 8852 4169
868 5675 7348
869 790 2326
870 2508 9210
871 3362 5490
872 6669 9357
873 9557 6666
874 8456 2387
875 9751 2637
876 1595 1640
877 5532 7582
878 1158 6465
879 6558 6970
880 277 6942
881 2037 9203
882 6726 7112
883 8575 9896
884 1030 9427
885 987 2697
886 8867 9856
887 4693 3703
888 1109 2027
889 2111 8706
890 7523 2196
891 9332 1940
892 9154 9148
893 4693 1561
894 7537 2377
895 2904 8526
896 6896 3648
897 7488 466
898 9310 7856
899 9156 8586
900 9272 9816
901 1992 5364
902 160 3902
903 2506 7736
904 1976 1957
905 4964 6290
906 4567 4556
907 7866 2188
908 6936 7198
909 4653 9165
910 258 16
911 1415 1538
912 7925 357
913 8632 106
914 1848 9452
915 7934 9720
916 3643 5796
917 2427 358
918 2539 4920
919 8554 4873
920 2787 4077
921 4712 8714
922 3684 3123
923 2590 6729
924 7832 9045
925 5077 554
926 2788 3887
927 5029 8056
928 3591 1293
929 7379 9039
930 2780 20
931 4134 9590
932 4324 863
933 8846 1981
934 49 6793
935 6352 9996
936 6504 9865
937 7717 5108
938 3464 9879
939 3656 1410
940 1021 8391
941 4390 6260
942 8004 608
943 9966 2959
944 5111 6333
945 2724 3581
946 8985 1251
947 1062 4574
948 5016 1521
949 4877 3331
950 4726 7182
951 6450 2367
952 6423 2275
953 2613 3096
954 7086 9212
955 8724 6571
956 8454 4332
957 4934 464
958 7457 2281
959 4625 9075
960 2273 8212
961 6766 6152
962 7320 3772
963 7305 6755
964 7562 7450
965 7421 3837
966 6805 3031
967 2204 6350
968 2175 3525
969 9432 5233
970 2965 8336
971 4121 9264
972 3813 6718
973 9978 6193
974 1767 1397
975 132 7807
976 6526 5869
977 1946 2893
978 7210 9431
979 4742 3375
980 4629 9873
981 1926 9377
982 2963 8578
983 7981 4124
984 7668 5992
985 1503 9055
986 6647 8191
987 2325 5158
988 2581 7868
989 5278 6847
990 2695 2664
991 7961 567
992 393 8680
993 4253 4872
994 9801 645
995 2335 797
996 9595 7884
997 5426 9345
998 338 8863
999 7354 6969
