0 6500 5704
1 3516 4528
2 2297 1550
3 7343 2606
4 4360 4516
5 2266 5033
6 6127 6138
7 8006 8618
8 4760 2725
9 1414 2110
10 2509 6241
11 3896 1031
12 2250 5008
13 1578 7399
14 9321 5058
15 2624 6507
16 7328 2451
17 7537 8723
18 8004 3797
19 4950 5754
20 9895 1308
21 410 1212
22 9559 9454
23 7727 3645
24 6367 7060
25 9914 7910
26 8843 9836
27 1742 2927
28 1376 3427
29 5683 7253
30 5930 7533
31 7467 7865
32 990 3202
33 4876 7349
34 6720 6509
35 466 5667
36 2315 6335
37 3947 5504
38 6254 5296
39 8997 5204
40 1758 4108
41 309 6687
42 6907 4583
43 5619 7319
44 3288 1055
45 7073 8840
46 5180 8783
47 2996 7209
48 5493 8163
49 9515 4814
50 919 449
51 8151 5600
52 303 3229
53 2756 3686
54 7365 7365
55 2053 269
56 8735 7846
57 4950 3116
58 7601 7434
59 468 9017
60 1272 4712
61 9616 1058
62 4858 2302
63 6886 8214
64 3675 6225
65 8849 424
66 6636 4998
67 2573 8242
68 2060 5889
69 4836 6518
70 2504 341
71 7094 3442
72 550 4195
73 4442 9963
74 9586 1522
75 1161 8083
76 4192 1144
77 2323 4755
78 3088 9021
79 4442 8488
80 8423 3697
81 6276 6604
82 3295 2521
83 6075 637
84 7668 1477
85 5978 9899
86 4847 508
87 222 8240
88 530 8800
89 862 2445
90 1063 2792
91 1977 9783
92 3697 1581
93 7856 5125
94 9088 1434
95 2087 2183
96 1692 52
97 6939 7413
98 3874 8722
99 6842 2085
100 640 8892
101 4438 4648
102 2272 5054
103 6861 9983
104 4810 1681
105 1228 8156
106 4690 2321
107 8043 8448
108 1116 2773
109 995 2728
110 9620 3285
111 948 7488
112 375 8435
113 2017 1546
114 7875 5752
115 5418 5277
116 9482 7454
117 5686 731
118 1520 3983
119 3605 7704
120 2065 5788
121 9661 9062
122 1422 2422
123 2725 2489
124 2588 2559
125 1724 4023
126 1492 2640
127 8334 8318
128 1564 1697
129 7350 4883
130 7863 7546
131 1101 8300
132 10000 8373
133 7055 5868
134 142 6651
135 9405 9884
136 2487 5180
137 9437 9255
138 2653 8618
139 7683 7771
140 3454 3520
141 5307 2713
142 2423 9234
143 7979 7309
144 9530 7478
145 2150 294
146 4917 23
147 5004 4013
148 8863 3006
149 866 8614
150 4630 5426
151 9116 7289
152 1410 8764
153 3995 8736
154 6962 5975
155 602 3899
156 9207 9309
157 6641 1592
158 7990 6995
159 7544 2210
160 8841 7292
161 5489 6930
162 1104 332
163 4623 5125
164 5444 6502
165 504 9538
166 8946 8473
167 8319 9120
168 434 9209
169 984 118
170 7687 9446
171 7650 9020
172 8147 6163
173 96 710
174 1196 4811
175 7387 7179
176 1472 6888
177 231 9027
178 7245 7402
179 1092 8716
180 9371 6751
181 2727 5471
182 1189 9644
183 9598 7921
184 2555 7829
185 8394 284
186 183 1131
187 340 8901
188 5972 8392
189 7697 2429
190 1183 5017
191 3375 8169
192 7685 6077
193 1986 8841
194 4972 4634
195 4445 9481
196 7303 6415
197 1626 540
198 1431 3209
199 3982 1383
200 9737 4554
201 8847 288
202 9094 9435
203 4401 3178
204 7927 5302
205 2154 7940
206 3124 5436
207 9112 5329
208 5213 8325
209 8749 1333
210 7755 6297
211 4964 6667
212 8679 914
213 1923 4343
214 3595 4043
215 1912 2169
216 300 2416
217 4678 6415
218 7704 2969
219 2998 4178
220 1051 1159
221 7662 3332
222 2441 108
223 9855 2156
224 8014 9682
225 8794 9323
226 4650 2086
227 6224 1981
228 6095 3028
229 8479 107
230 3151 3810
231 7736 7019
232 3768 9328
233 2158 6533
234 8437 3787
235 8608 7672
236 7552 4056
237 4524 7898
238 8033 3640
239 1091 1279
240 4585 1989
241 9429 9409
242 670 9150
243 6995 7336
244 8587 9521
245 3035 2078
246 4786 2521
247 7112 2230
248 7896 8707
249 9434 626
250 7539 6097
251 9 9363
252 2151 7375
253 151 6761
254 9529 3329
255 854 3373
256 7100 750
257 4078 2839
258 8944 3799
259 9769 4377
260 3724 1668
261 815 6981
262 9739 6092
263 9042 6902
264 9937 2862
265 965 831
266 2316 9685
267 9 7151
268 1763 9033
269 4278 2784
270 2459 4521
271 6258 6392
272 6855 5090
273 3152 6189
274 6657 7099
275 353 5447
276 8024 3668
277 6061 3435
278 6923 2333
279 2814 7406
280 1145 6591
281 6755 3891
282 9858 155
283 863 4590
284 9548 5967
285 6507 3725
286 1132 3633
287 7265 8665
288 5789 6891
289 8239 9012
290 7754 5408
291 9464 2379
292 6246 4449
293 430 3464
294 8050 3904
295 2570 1464
296 4963 1144
297 7722 1652
298 2190 3073
299 5730 8936
300 1529 4143
301 1529 6579
302 6470 6579
303 2689 5463
304 5103 3439
305 9834 2188
306 6688 9432
307 6360 7630
308 6346 3734
309 2097 1489
310 9857 6287
311 8894 9804
312 2824 3980
313 2250 6899
314 2823 169
315 269 9145
316 9904 7366
317 422 5746
318 1628 4230
319 9055 864
320 5588 5273
321 2731 3200
322 5919 7212
323 8724 7619
324 1677 6842
325 4255 4117
326 6512 8909
327 3054 3709
328 2594 7688
329 3647 205
330 2706 8936
331 7201 4571
332 4073 181
333 906 2126
334 3467 3200
335 9815 9562
336 2607 4094
337 5588 5032
338 3260 7950
339 9700 3272
340 4005 1878
341 8108 1977
342 9835 1596
343 7668 9021
344 3170 5922
345 5745 6297
346 7505 2906
347 3803 5314
348 5818 8404
349 9280 894
350 6295 7012
351 7263 1846
352 5641 6216
353 777 3413
354 7880 1541
355 7957 9741
356 6445 3159
357 1234 5352
358 3250 3016
359 8021 4430
360 9435 1150
361 4026 8077
362 7126 1709
363 6110 418
364 4397 1389
365 2931 4483
366 6361 4454
367 5701 1270
368 5983 5727
369 7512 1803
370 8429 6165
371 6377 7350
372 5617 332
373 1835 1424
374 5964 1529
375 704 746
376 9010 2870
377 5955 4687
378 1576 5609
379 4726 8654
380 6727 1000
381 2076 6819
382 7410 7163
383 9007 4461
384 4040 7209
385 4275 4556
386 3106 6457
387 9174 3007
388 7930 3728
389 3430 4668
390 4082 8861
391 8278 42
392 5042 1615
393 3837 1264
394 4273 8496
395 5547 317
396 3233 9543
397 270 8445
398 5690 2537
399 927 9758
400 748 611
401 5610 3368
402 7834 6820
403 7318 6769
404 6781 6640
405 3748 5340
406 7307 8087
407 4824 5138
408 1159 6841
409 5138 9485
410 7741 9456
411 1663 3505
412 6657 369
413 4798 3025
414 1111 3363
415 7307 4893
416 8018 7049
417 4012 2313
418 3479 9503
419 1891 9613
420 677 7280
421 3830 8578
422 4164 8559
423 118 3904
424 1897 3140
425 2846 6910
426 736 4606
427 9760 6738
428 8549 127
429 5733 3597
430 1424 3603
431 6649 5325
432 1854 6566
433 2780 3671
434 1278 5230
435 6045 7943
436 2312 4604
437 8915 5607
438 5270 9807
439 1359 2080
440 6274 3301
441 1598 5999
442 2977 9797
443 6980 923
444 6868 9134
445 9640 6725
446 3134 1351
447 1190 5796
448 381 5682
449 2815 6536
450 860 8692
451 7672 5065
452 6702 5033
453 9104 2245
454 9735 2170
455 3337 4761
456 1657 3363
457 2041 7362
458 9682 2097
459 5070 9452
460 204 2016
461 3633 108
462 2318 1030
463 1934 8511
464 5464 7885
465 2995 9848
466 8753 9529
467 4445 2787
468 142 6828
469 5653 3859
470 6555 314
471 9902 1672
472 6610 904
473 2812 8950
474 2762 8932
475 5940 7434
476 7856 4859
477 718 5758
478 6038 5206
479 7248 3143
480 7982 1960
481 5398 4056
482 8764 7472
483 272 3655
484 9623 9191
485 4597 3587
486 7767 9534
487 2547 8271
488 8419 5899
489 2019 9819
490 2073 7734
491 8840 9897
492 3097 8979
493 2754 2042
494 5073 7533
495 9407 7379
496 9876 7349
497 437 4973
498 8919 5672
499 3436 5401
500 4743 4674
501 5143 728
502 2504 1461
503 2003 104
504 4003 4822
505 3749 4362
506 2200 9366
507 4904 1962
508 2246 1419
509 205 3986
510 1074 8401
511 3699 8129
512 5115 3377
513 2333 6042
514 2259 1970
515 5418 7352
516 8346 2813
517 1552 3817
518 6213 9035
519 1704 6159
520 8779 215
521 4029 1048
522 5587 8560
523 7524 4503
524 4010 9667
525 4975 9609
526 6541 8004
527 7931 5033
528 186 49
529 8626 2608
530 2314 1097
531 4547 9443
532 2505 4584
533 5181 948
534 5367 6016
535 8592 1583
536 3570 6421
537 2786 65
538 4134 6087
539 2118 6378
540 3102 6044
541 2389 1812
542 6136 9959
543 3244 2893
544 7942 2991
545 7428 777
546 7769 5066
547 6192 1824
548 6840 4440
549 4080 6555
550 2979 8805
551 4066 1101
552 3011 9410
553 4680 9103
554 5983 2079
555 8744 2132
556 1199 6624
557 2162 7024
558 4539 3143
559 9046 607
560 167 9194
561 2076 1941
562 9623 8428
563 8956 6000
564 5027 6437
565 5394 7408
566 6217 5278
567 7841 6546
568 9882 4339
569 9987 3403
570 3340 1547
571 1147 6676
572 9025 1260
573 6316 6795
574 5164 6243
575 8609 5555
576 9685 8710
577 6460 2321
578 6622 2192
579 1792 4224
580 9934 9991
581 7303 7083
582 9574 3516
583 5634 252
584 765 2505
585 4804 526
586 5188 9347
587 9537 2399
588 7227 2258
589 7651 4860
590 5323 6950
591 1474 4148
592 2180 9731
593 9709 9950
594 128 691
595 1209 689
596 6703 9041
597 2302 6254
598 1457 7224
599 7766 6163
600 1889 6699
601 17 1211
602 6582 5085
603 94 1284
604 9740 160
605 542 2079
606 5813 6471
607 3714 2652
608 8726 6063
609 3434 3818
610 7464 5592
611 8726 9744
612 1239 5753
613 2982 3486
614 862 3035
615 3151 9880
616 4728 7224
617 1393 1365
618 6679 4613
619 8811 8622
620 3469 5341
621 8473 6210
622 4642 3133
623 6253 5269
624 2332 3082
625 1626 7917
626 7716 1527
627 5478 9352
628 9679 1742
629 5165 9574
630 9294 283
631 9347 1116
632 5989 8579
633 4940 7778
634 6923 4416
635 5628 4078
636 7697 5980
637 3692 7443
638 148 5303
639 9288 1556
640 2114 5524
641 5935 5691
642 6652 1994
643 8029 2361
644 5759 1202
645 1797 3130
646 4459 4775
647 2839 8596
648 809 4678
649 3367 1909
650 4909 8270
651 4934 209
652 1501 9342
653 5164 309
654 1440 1638
655 2655 446
656 9876 6865
657 9539 1943
658 772 7256
659 7898 2983
660 5032 7781
661 7721 4920
662 7947 5399
663 8606 4445
664 3275 8722
665 8938 4651
666 50 2910
667 3086 2085
668 9067 6666
669 9247 2462
670 8780 6989
671 7262 8909
672 7517 8092
673 7153 9088
674 1482 727
675 2962 3610
676 45 1587
677 9979 3001
678 1070 2585
679 6019 3334
680 5829 9401
681 9333 9242
682 5784 3123
683 9704 4003
684 8074 701
685 4283 3782
686 3048 7558
687 1824 2413
688 5112 4279
689 4097 9606
690 1937 356
691 4807 1063
692 1667 6796
693 7823 9391
694 9115 4143
695 6378 5181
696 6968 5132
697 2696 3511
698 8270 3244
699 3626 3451
700 2836 1381
701 3062 7134
702 3482 3724
703 8578 9088
704 7152 6155
705 9479 5735
706 5538 9420
707 2813 2417
708 4999 7838
709 8595 2080
710 8281 2782
711 28 8790
712 1371 6025
713 138 7568
714 4602 683
715 9226 1275
716 9184 6261
717 7283 6192
718 1250 4357
719 4667 8784
720 9961 9292
721 4315 1565
722 7774 6956
723 3129 3736
724 4810 4537
725 9143 2057
726 3947 9024
727 9074 7129
728 6832 2423
729 3301 3995
730 6701 7258
731 7081 3973
732 724 3511
733 7769 7002
734 5783 3182
735 75 8444
736 4814 1727
737 7760 1539
738 8767 3301
739 9242 9960
740 921 13
741 1090 6407
742 2642 6984
743 2498 1738
744 9602 6560
745 9517 2900
746 1083 9942
747 5919 9997
748 6082 7961
749 2666 5018
750 8278 9730
751 6487 2547
752 1385 803
753 8455 3973
754 3005 8368
755 9991 7607
756 7275 663
757 2535 3502
758 6835 8094
759 3948 6527
760 9285 6963
761 8015 2628
762 2065 6284
763 74 9352
764 4604 782
765 5610 5209
766 2131 8056
767 5702 9258
768 6395 6933
769 1280 1119
770 4048 1012
771 3282 3198
772 7406 9640
773 2592 789
774 5627 6331
775 4029 1607
776 1157 9388
777 7085 4188
778 1001 6714
779 9509 9711
780 2575 354
781 3075 3196
782 2691 803
783 5813 7228
784 9386 6737
785 1148 3955
786 47 4687
787 6441 8060
788 4883 9300
789 895 5431
790 3558 5874
791 9238 1291
792 307 4471
793 4190 7558
794 7587 2134
795 5372 4084
796 1010 2212
797 6817 1664
798 4761 7
799 4779 345
800 7449 5935
801 2260 6937
802 4940 1671
803 2144 1079
804 5829 7290
805 8178 9950
806 9166 6790
807 3619 2787
808 3860 5703
809 8047 8492
810 5070 2629
811 6715 2179
812 8207 7182
813 7334 3374
814 3772 9281
815 1365 9485
816 2979 9089
817 8353 6091
818 6723 4017
819 6241 3417
820 9033 4728
821 8228 4818
822 2314 4155
823 1093 8759
824 7552 6302
825 2861 5726
826 2100 6561
827 1146 3945
828 4393 2407
829 7579 8231
830 4648 7609
831 6825 931
832 379 3267
833 2646 9881
834 1143 7949
835 8651 1694
836 7995 150
837 3181 7882
838 8260 4544
839 1858 3490
840 5897 588
841 1631 8629
842 1988 9888
843 5905 6975
844 3023 6698
845 161 9486
846 2062 7648
847 7748 4282
848 6818 9048
849 5533 3371
850 8463 699
851 4183 353
852 3707 8493
853 1816 6370
854 3780 9747
855 9680 7397
856 1595 9042
857 9597 4639
858 7619 1757
859 7835 6360
860 977 5902
861 6792 8664
862 8245 5025
863 4875 5932
864 2404 3419
865 4732 4641
866 2394 775
867 7969 599
868 5793 5973
869 5583 3574
870 495 1415
871 1107 4316
872 4654 2916
873 5822 1446
874 506 8944
875 6528 2113
876 6119 9378
877 8033 2388
878 1967 7659
879 6567 2188
880 9931 3328
881 8425 4686
882 3090 7144
883 838 6389
884 845 1204
885 1007 2027
886 3919 4711
887 4854 9234
888 3723 6968
889 7674 9086
890 2778 8661
891 5400 5457
892 5257 7996
893 7803 6168
894 2727 976
895 6915 3355
896 3044 3564
897 8235 6054
898 3402 2382
899 2681 4066
900 3096 5535
901 3188 8137
902 7791 3335
903 3597 776
904 6418 2634
905 3121 1246
906 6796 9753
907 9384 6927
908 5215 1336
909 285 8648
910 8999 4799
911 1929 643
912 2396 6676
913 8166 8098
914 3689 1876
915 5790 7546
916 5274 4237
917 6585 8716
918 4686 2828
919 3495 9023
920 4841 9479
921 9764 1645
922 1305 8468
923 8645 9661
924 7389 2040
925 6916 1087
926 4384 9333
927 5062 4597
928 9916 4831
929 8954 1993
930 3198 3160
931 6465 9954
932 5425 5138
933 3614 9799
934 8921 6554
935 270 4872
936 303 6472
937 5155 4559
938 9625 7291
939 9523 6291
940 2843 1009
941 4193 3082
942 8136 3592
943 3148 861
944 7015 8319
945 3009 6973
946 7750 5352
947 2013 327
948 4887 2558
949 7715 758
950 4016 3569
951 1455 7444
952 7610 8047
953 8493 4819
954 1179 1270
955 6959 931
956 2546 6489
957 2648 5817
958 927 8631
959 8382 3634
960 2954 232
961 8786 9158
962 356 630
963 1259 6678
964 9878 4690
965 1361 412
966 539 4394
967 7798 3732
968 745 7346
969 2958 9582
970 2073 1998
971 4495 7430
972 88 6396
973 117 294
974 2594 7980
975 6755 3139
976 1529 6361
977 4666 1809
978 5060 153
979 462 1452
980 9883 4446
981 504 2010
982 9932 7186
983 7361 5568
984 2253 2263
985 4708 4293
986 5271 5387
987 3005 9768
988 38 5514
989 2648 2981
990 312 6849
991 2864 4216
992 9701 4388
993 4876 9549
994 3859 2361
995 7910 1574
996 870 982
997 6902 1561
998 4574 4940
999 5946 3366
1000 3190 6392
1001 4711 7720
1002 6586 1715
1003 5236 1186
1004 4316 5055
1005 8334 2503
1006 1763 961
1007 1388 9669
1008 8016 390
1009 7790 1080
1010 5615 1343
1011 7647 8863
1012 5818 7199
1013 1361 3085
1014 8287 1072
1015 3457 8898
1016 9736 6023
1017 7202 3857
1018 930 2618
1019 6432 9172
1020 601 1857
1021 7042 1878
1022 3812 7961
1023 7102 7387
1024 9194 1708
1025 2070 8492
1026 1810 3751
1027 4702 2043
1028 4267 4649
1029 3613 5696
1030 1338 9870
1031 9522 1484
1032 9083 5692
1033 4986 6723
1034 8024 1033
1035 6810 9985
1036 3823 1232
1037 6984 4110
1038 9481 83
1039 3350 5563
1040 5897 3772
1041 8991 5413
1042 9971 4880
1043 619 9916
1044 520 7118
1045 99 7903
1046 4908 4697
1047 787 481
1048 9077 6031
1049 9972 4282
1050 5891 8210
1051 1 3388
1052 1723 6655
1053 731 5159
1054 5110 6989
1055 3857 5598
1056 1416 4252
1057 7468 8688
1058 1141 2396
1059 9544 190
1060 1669 8982
1061 7323 7426
1062 5439 2712
1063 6084 9300
1064 8371 1055
1065 2731 1270
1066 4489 2635
1067 7534 8977
1068 1269 8225
1069 3693 8415
1070 1774 5363
1071 3282 4374
1072 2441 8570
1073 4682 2375
1074 6930 8309
1075 8336 5107
1076 951 2009
1077 3837 3141
1078 2911 6877
1079 6811 6980
1080 9031 1066
1081 1144 5793
1082 204 7834
1083 6594 1775
1084 3035 3088
1085 7431 6742
1086 4059 1707
1087 8580 6087
1088 9550 2130
1089 3534 3450
1090 9969 3791
1091 4551 3107
1092 9453 9503
1093 7192 6968
1094 3682 2727
1095 681 5453
1096 4472 6672
1097 3320 4484
1098 7037 3808
1099 6601 104
1100 1144 4366
1101 6145 2563
1102 4951 4531
1103 3276 7294
1104 9025 2627
1105 3491 6168
1106 1855 4439
1107 477 9798
1108 6382 8165
1109 8390 5659
1110 5493 986
1111 95 7471
1112 9343 8664
1113 6161 3772
1114 4010 2025
1115 9253 2202
1116 3818 1514
1117 8799 826
1118 4968 1057
1119 9549 1572
1120 6187 1477
1121 4933 5709
1122 7653 6125
1123 6921 3526
1124 2670 9141
1125 3622 4470
1126 2125 3876
1127 3095 7893
1128 6546 7211
1129 4303 9279
1130 9784 5566
1131 7472 1049
1132 5648 5906
1133 8358 1456
1134 3144 9695
1135 2802 6808
1136 1662 9287
1137 8086 9
1138 8959 6083
1139 4513 4352
1140 1951 9462
1141 5458 7032
1142 6597 956
1143 732 885
1144 4254 3661
1145 9440 564
1146 2303 4801
1147 2356 1636
1148 2038 4539
1149 2697 2719
1150 2038 8815
1151 8474 3216
1152 3646 7417
1153 385 2447
1154 9901 1735
1155 5745 4985
1156 285 2052
1157 6470 751
1158 2501 7523
1159 3018 6762
1160 881 3175
1161 8557 5748
1162 1642 7882
1163 1 2992
1164 7739 4358
1165 9492 3200
1166 9836 9473
1167 2490 6655
1168 786 3371
1169 7080 9536
1170 3308 2392
1171 2334 626
1172 6387 2920
1173 1443 121
1174 9315 2046
1175 369 3110
1176 1609 4679
1177 6516 9134
1178 2070 6276
1179 8091 4918
1180 3939 3587
1181 6605 9690
1182 1972 8829
1183 7704 7734
1184 3370 2903
1185 4084 3331
1186 9481 7691
1187 9682 8612
1188 1841 1844
1189 5266 1633
1190 1483 4893
1191 3819 3724
1192 4717 6431
1193 8531 1028
1194 678 2651
1195 535 6127
1196 7342 706
1197 6440 4116
1198 7523 7680
1199 971 9693
1200 7166 1246
1201 8385 4379
1202 3370 3903
1203 4395 7345
1204 9503 9290
1205 6805 4592
1206 1120 9044
1207 717 5865
1208 6135 8017
1209 3567 7210
1210 5139 8468
1211 6641 5967
1212 9449 9309
1213 759 5910
1214 8620 7014
1215 4449 8006
1216 4421 6274
1217 1664 3441
1218 1844 5479
1219 5013 8510
1220 7028 4321
1221 6613 7534
1222 9446 2173
1223 4954 2814
1224 1252 8360
1225 8240 3538
1226 1706 8422
1227 4718 4349
1228 7821 4341
1229 1576 7021
1230 7710 3906
1231 3420 5259
1232 943 3149
1233 3646 9004
1234 9859 6041
1235 8263 713
1236 4802 2520
1237 924 1559
1238 6 6423
1239 2310 9421
1240 8752 766
1241 786 5495
1242 3461 4783
1243 4201 9702
1244 8965 8678
1245 319 9663
1246 6998 5633
1247 4254 697
1248 6353 8873
1249 794 5386
1250 3688 1115
1251 4177 7009
1252 3784 3567
1253 2136 1550
1254 1992 855
1255 4323 6110
1256 9764 6715
1257 804 3707
1258 4102 1123
1259 1620 821
1260 6597 7140
1261 6561 5704
1262 4225 1058
1263 1488 3982
1264 9260 4702
1265 4957 2639
1266 6087 2830
1267 3272 1806
1268 5065 8447
1269 8044 2871
1270 5853 7902
1271 2732 1708
1272 1050 6530
1273 2032 7670
1274 3077 2451
1275 7428 7977
1276 3566 595
1277 5833 5375
1278 5676 4459
1279 1646 5891
1280 8376 5199
1281 7530 9715
1282 2597 8703
1283 6077 3072
1284 1658 1842
1285 5445 4388
1286 6060 3822
1287 8831 1043
1288 9495 1770
1289 9794 6175
1290 9659 2992
1291 2278 3929
1292 8586 2051
1293 7265 3929
1294 5553 2920
1295 1093 2560
1296 7297 8732
1297 1420 5860
1298 9387 7115
1299 8529 3984
1300 5171 3332
1301 902 7486
1302 1319 1261
1303 1327 2047
1304 4991 5176
1305 4850 4817
1306 6484 5909
1307 4264 6049
1308 1783 9344
1309 2381 492
1310 8031 2887
1311 5294 304
1312 8556 3247
1313 7813 9701
1314 367 5410
1315 1344 5804
1316 1357 6930
1317 4717 4500
1318 4677 9366
1319 1251 6686
1320 9843 2115
1321 4822 8822
1322 612 8147
1323 7594 1575
1324 4151 4729
1325 1051 9619
1326 6561 3276
1327 4772 4770
1328 4781 5057
1329 2100 6685
1330 4047 3578
1331 7828 2654
1332 7209 2327
1333 8250 9687
1334 748 5340
1335 4058 1779
1336 3348 6339
1337 1473 3134
1338 2035 8132
1339 1054 1815
1340 7668 5719
1341 5313 1901
1342 1630 3897
1343 7888 6729
1344 4286 6365
1345 2120 8119
1346 7150 2171
1347 1207 6913
1348 1611 9139
1349 5416 1686
1350 8893 100
1351 6529 5945
1352 6895 4773
1353 9246 205
1354 3996 1372
1355 9717 1184
1356 4642 6668
1357 7852 9074
1358 1251 1288
1359 20 2247
1360 7460 7926
1361 3932 7081
1362 4217 938
1363 5625 2988
1364 4231 3353
1365 6071 5687
1366 305 3670
1367 7731 9054
1368 1756 4943
1369 5421 2989
1370 9367 2589
1371 7033 5865
1372 1871 5736
1373 2269 8525
1374 4029 3874
1375 9145 9582
1376 8756 144
1377 6350 572
1378 5018 992
1379 7755 9485
1380 4837 2897
1381 4232 344
1382 6306 3150
1383 3707 1636
1384 4683 9545
1385 3971 5579
1386 9874 2163
1387 6562 668
1388 407 1839
1389 5551 17
1390 7565 2782
1391 3160 6590
1392 4407 1171
1393 1449 902
1394 3731 961
1395 8957 2126
1396 3528 6283
1397 8999 8781
1398 181 3447
1399 7260 4526
1400 9102 4457
1401 1977 9860
1402 3017 1072
1403 1709 7576
1404 9963 5160
1405 4835 2220
1406 1132 8961
1407 6168 1226
1408 8749 4725
1409 5588 335
1410 7949 2619
1411 8095 9642
1412 2452 3160
1413 3336 3210
1414 314 6804
1415 7446 1317
1416 4575 7344
1417 3231 343
1418 4153 4395
1419 3793 4510
1420 3499 1325
1421 3178 9265
1422 7841 4710
1423 5767 8195
1424 4882 3001
1425 1643 9864
1426 6840 7098
1427 9834 1920
1428 1065 4665
1429 5101 3768
1430 6177 7376
1431 3504 7008
1432 8358 5672
1433 684 7829
1434 3157 6139
1435 3234 6598
1436 5888 5633
1437 939 974
1438 1376 4555
1439 9441 8274
1440 7680 6027
1441 1893 8349
1442 9300 1311
1443 9252 4436
1444 4251 467
1445 9956 4401
1446 1838 7466
1447 6046 7285
1448 2123 563
1449 4763 2453
1450 8569 1775
1451 7337 7834
1452 112 4611
1453 802 1490
1454 2949 4036
1455 698 7784
1456 4703 9863
1457 2660 7303
1458 532 5445
1459 7008 1808
1460 2040 7984
1461 2481 183
1462 9811 2626
1463 2626 3457
1464 4245 4396
1465 3865 5203
1466 7322 8522
1467 3210 1271
1468 7760 7133
1469 5598 3126
1470 7047 2715
1471 5466 9146
1472 8983 5239
1473 9422 1029
1474 4237 5860
1475 3996 4295
1476 1036 110
1477 4716 8253
1478 3464 9153
1479 2854 6134
1480 1263 8017
1481 8441 7024
1482 5571 6583
1483 6516 9755
1484 1303 5866
1485 6089 7426
1486 5338 8356
1487 7791 2477
1488 4579 7248
1489 6527 2202
1490 7500 7286
1491 9395 3275
1492 7907 183
1493 8527 1072
1494 1530 4905
1495 4443 8035
1496 5458 2871
1497 1147 3426
1498 8109 9754
1499 4451 9035
1500 1593 7260
1501 2401 491
1502 8088 9553
1503 4636 9736
1504 281 5911
1505 8622 1262
1506 6841 8457
1507 8823 5056
1508 6418 760
1509 8042 6782
1510 8368 4147
1511 2706 8261
1512 737 3861
1513 2873 7550
1514 4394 5607
1515 343 4420
1516 897 5934
1517 1140 6576
1518 7675 3835
1519 9047 325
1520 4688 3276
1521 5289 63
1522 3450 3186
1523 1574 5929
1524 9645 6884
1525 6265 9228
1526 5840 2381
1527 2984 5996
1528 1459 5623
1529 6480 269
1530 9525 6432
1531 133 3141
1532 5246 8355
1533 1691 609
1534 1304 4291
1535 422 6891
1536 7628 3262
1537 2263 7493
1538 1888 82
1539 6962 7876
1540 2235 404
1541 9308 1395
1542 7910 32
1543 3192 7685
1544 8878 704
1545 9824 4765
1546 3959 354
1547 6675 9578
1548 15 9700
1549 367 4890
1550 3848 1131
1551 3821 8037
1552 5433 7284
1553 4608 2067
1554 529 2694
1555 3976 1378
1556 1377 8505
1557 1787 9762
1558 515 5288
1559 8616 3921
1560 1215 1675
1561 3496 7030
1562 4776 1515
1563 6162 1387
1564 2784 8793
1565 1562 9563
1566 6163 2695
1567 6980 5869
1568 1665 1536
1569 9702 1592
1570 5832 9207
1571 6082 3546
1572 8345 9730
1573 805 2687
1574 9490 5180
1575 8221 1533
1576 8974 6670
1577 7639 4136
1578 8277 1566
1579 7214 8881
1580 452 1642
1581 2638 6488
1582 9306 328
1583 5274 743
1584 682 7915
1585 2995 1504
1586 7437 2445
1587 279 2061
1588 7796 1150
1589 4769 5103
1590 6871 4069
1591 2690 6019
1592 4377 5909
1593 9793 7496
1594 71 9879
1595 4273 6201
1596 1936 9481
1597 9709 1595
1598 3668 813
1599 9589 6097
1600 4089 7552
1601 8635 1861
1602 4991 6283
1603 4205 7900
1604 5381 8042
1605 5843 6604
1606 3140 173
1607 2772 9817
1608 1469 4027
1609 1040 4901
1610 2391 5273
1611 7623 7093
1612 5388 8768
1613 5470 3598
1614 1093 43
1615 8269 6767
1616 4521 8191
1617 4471 7386
1618 1177 3766
1619 5805 3291
1620 6765 6085
1621 9518 2553
1622 3747 7041
1623 6009 7962
1624 2973 5435
1625 8583 7128
1626 5847 4454
1627 8421 4977
1628 7985 3743
1629 1689 5127
1630 1473 4154
1631 1124 1116
1632 7026 7499
1633 7436 2506
1634 7521 1039
1635 8177 1292
1636 1769 1095
1637 2563 7556
1638 5206 8981
1639 3967 5098
1640 8857 504
1641 3331 1013
1642 5068 2047
1643 5879 4422
1644 355 9505
1645 6205 8132
1646 1705 5281
1647 820 7310
1648 8960 8972
1649 6451 6784
1650 7302 6296
1651 5154 4237
1652 9534 525
1653 7916 2374
1654 9612 2177
1655 5279 5680
1656 7577 9548
1657 2437 8738
1658 3467 2511
1659 1678 86
1660 3654 3922
1661 7988 6747
1662 7252 4429
1663 2947 2016
1664 8770 2606
1665 3286 6633
1666 1865 9282
1667 1505 3365
1668 1531 1135
1669 3655 6388
1670 7392 1963
1671 5646 2522
1672 8539 201
1673 2076 131
1674 216 2344
1675 8889 9762
1676 7968 7249
1677 9057 2644
1678 4889 3257
1679 9520 4767
1680 8593 112
1681 5903 4601
1682 8865 7729
1683 1683 4476
1684 2961 3865
1685 3308 6656
1686 63 3290
1687 6900 5578
1688 1659 5974
1689 7470 9330
1690 261 3594
1691 7141 8024
1692 4825 9650
1693 4524 1014
1694 7047 3394
1695 1936 6771
1696 3224 71
1697 6669 420
1698 4845 4487
1699 2355 1871
1700 4615 2963
1701 7304 7396
1702 771 3937
1703 8191 9383
1704 803 6960
1705 4676 696
1706 8339 3173
1707 3204 2379
1708 4634 9653
1709 6411 4307
1710 2077 6145
1711 9531 3725
1712 7064 6117
1713 8269 8103
1714 3812 6249
1715 8117 4409
1716 3504 8537
1717 7050 6896
1718 1542 1390
1719 454 466
1720 3485 8582
1721 2129 4355
1722 4672 6320
1723 7977 7867
1724 7309 2408
1725 3964 7576
1726 882 1649
1727 2677 1893
1728 7209 8557
1729 3013 8441
1730 4820 8875
1731 8784 6654
1732 2159 4198
1733 818 2297
1734 4358 829
1735 5300 875
1736 7267 5605
1737 5003 6623
1738 3802 8709
1739 2245 6841
1740 6208 7970
1741 9396 7101
1742 2718 5392
1743 2469 4110
1744 9570 1150
1745 8770 7823
1746 4500 1766
1747 1617 4893
1748 5533 7615
1749 1309 1663
1750 1489 8691
1751 2212 9416
1752 4704 6848
1753 6698 9060
1754 1886 8695
1755 1995 9784
1756 2226 7452
1757 719 4006
1758 913 2456
1759 5392 7739
1760 5057 1516
1761 8585 8527
1762 3830 741
1763 8644 718
1764 4532 9067
1765 9930 7307
1766 1307 3765
1767 7166 190
1768 4775 3259
1769 9746 2927
1770 337 6582
1771 9910 5400
1772 4044 4582
1773 7316 7848
1774 1006 4939
1775 435 1166
1776 504 8622
1777 8835 2250
1778 2081 8624
1779 3344 9972
1780 3378 5910
1781 3414 4136
1782 1503 3213
1783 6004 9076
1784 8157 1229
1785 6466 6610
1786 5373 9856
1787 5637 4033
1788 8907 8758
1789 5282 5108
1790 2859 4959
1791 1521 1889
1792 6509 4416
1793 5091 5294
1794 4814 6738
1795 6139 2919
1796 2057 8486
1797 194 48
1798 6268 6141
1799 8687 9572
1800 4172 1455
1801 4834 8865
1802 1728 3421
1803 3372 937
1804 2534 890
1805 3181 3110
1806 7849 7798
1807 266 1659
1808 8811 9300
1809 1110 206
1810 5774 9160
1811 624 600
1812 9805 2613
1813 7078 5248
1814 6967 3888
1815 8809 8687
1816 6187 1390
1817 7205 5886
1818 336 6679
1819 9712 5967
1820 6146 6378
1821 2412 5739
1822 8015 1587
1823 9649 9021
1824 9541 1861
1825 2148 2741
1826 9388 5007
1827 4685 7813
1828 2657 9047
1829 4411 9287
1830 8243 2557
1831 3661 1228
1832 9864 1201
1833 4909 8068
1834 4341 7782
1835 9683 9954
1836 5203 5108
1837 2744 4639
1838 3159 4260
1839 3230 4690
1840 3090 6777
1841 9009 321
1842 2644 2536
1843 208 2528
1844 4403 264
1845 5885 6130
1846 7361 6136
1847 6157 5970
1848 3325 8948
1849 6816 3681
1850 7171 2879
1851 5206 2807
1852 7101 1885
1853 1007 7158
1854 3677 9117
1855 8585 7960
1856 1122 2675
1857 4133 7198
1858 5150 6737
1859 49 842
1860 7597 366
1861 2343 7635
1862 947 5951
1863 9754 5897
1864 8543 9310
1865 5680 2318
1866 5603 815
1867 2664 2915
1868 1188 7987
1869 983 2070
1870 9507 7734
1871 5430 2541
1872 1960 3743
1873 9616 9803
1874 5026 1659
1875 1148 8480
1876 9765 1826
1877 4778 5343
1878 8960 4170
1879 1880 7472
1880 4476 8837
1881 9220 636
1882 3388 9011
1883 7240 5704
1884 5242 57
1885 3682 1473
1886 192 8014
1887 270 7013
1888 9111 1916
1889 7541 5182
1890 5827 1497
1891 7877 2856
1892 8157 8116
1893 4627 774
1894 4959 9714
1895 5477 5676
1896 3121 4720
1897 2611 5752
1898 1322 9454
1899 4361 3733
1900 7140 7642
1901 3748 4301
1902 8542 4185
1903 7935 786
1904 6787 64
1905 6839 3461
1906 4634 7326
1907 950 3855
1908 9719 9362
1909 8958 6680
1910 9005 821
1911 9891 7696
1912 7499 702
1913 6189 7769
1914 605 1923
1915 7019 6405
1916 2959 2087
1917 9441 3485
1918 9374 541
1919 3079 8261
1920 908 9778
1921 1994 1703
1922 8381 4708
1923 8499 2445
1924 2505 9455
1925 800 338
1926 8678 9044
1927 8194 6615
1928 261 5976
1929 3055 1905
1930 3818 2641
1931 3756 963
1932 9747 2469
1933 2240 809
1934 9261 2544
1935 5526 9484
1936 6517 7878
1937 7712 2289
1938 4 1181
1939 7452 8359
1940 7406 1789
1941 9719 735
1942 5789 5691
1943 9094 8082
1944 5569 7173
1945 3153 9381
1946 5195 5839
1947 3910 1702
1948 701 1477
1949 9560 9276
1950 7568 2051
1951 6917 8677
1952 2847 6641
1953 5201 9806
1954 5687 3655
1955 4770 2468
1956 6959 3787
1957 5638 5548
1958 4123 381
1959 4645 9242
1960 2180 7228
1961 7921 3885
1962 8978 9142
1963 8010 6689
1964 5099 3171
1965 7873 288
1966 5086 9818
1967 6570 5848
1968 3060 6290
1969 3643 1255
1970 2831 734
1971 7399 6842
1972 1520 9846
1973 4276 3161
1974 4088 4012
1975 4259 7188
1976 7749 5703
1977 308 9377
1978 2970 1332
1979 9607 9235
1980 904 8297
1981 1226 1826
1982 2444 4527
1983 5330 1639
1984 697 489
1985 2441 1729
1986 1566 5205
1987 3508 3575
1988 1309 4833
1989 71 9620
1990 2782 7357
1991 975 8345
1992 287 6448
1993 2155 5682
1994 9151 4665
1995 1467 7255
1996 8477 9067
1997 4709 5793
1998 3013 7840
1999 8634 1305
2000 1021 7392
2001 4086 6799
2002 2487 1064
2003 7099 6173
2004 2119 6906
2005 6068 7453
2006 8541 5226
2007 1606 7929
2008 6675 6590
2009 2085 5045
2010 8586 406
2011 6218 4773
2012 1800 2473
2013 5256 4205
2014 522 4537
2015 5770 1606
2016 1718 4037
2017 5762 3557
2018 6794 3496
2019 406 7561
2020 8080 8263
2021 8924 5904
2022 4328 6034
2023 8435 8937
2024 6772 234
2025 2775 629
2026 4471 1932
2027 7876 3139
2028 2403 2381
2029 1361 8912
2030 7748 3641
2031 5464 6603
2032 1499 4357
2033 1817 1605
2034 9671 3894
2035 4867 8973
2036 578 1021
2037 8003 7502
2038 6721 9750
2039 314 5027
2040 5720 4782
2041 2420 5597
2042 9701 5766
2043 8187 9574
2044 2987 4264
2045 326 1355
2046 7478 3065
2047 4944 8945
2048 9976 8118
2049 8151 7123
2050 1317 5662
2051 9429 7254
2052 8851 5064
2053 4010 3114
2054 8883 3043
2055 9147 4231
2056 1476 3753
2057 7371 9564
2058 1920 2107
2059 2597 5117
2060 4847 2174
2061 9575 1583
2062 1022 5634
2063 3897 8368
2064 9561 2939
2065 7890 8549
2066 6078 1476
2067 6602 9744
2068 8978 8119
2069 6597 6023
2070 820 7880
2071 5691 8588
2072 381 2189
2073 7343 9224
2074 1358 3290
2075 8329 9254
2076 1083 4142
2077 7160 5711
2078 2206 5947
2079 6386 1851
2080 3415 1801
2081 4394 4975
2082 7551 9149
2083 2889 6397
2084 6624 1498
2085 3968 2796
2086 5382 2680
2087 3856 2569
2088 8916 4015
2089 1198 8459
2090 2097 8173
2091 2508 106
2092 5669 3714
2093 679 486
2094 1341 6081
2095 1096 3572
2096 6676 5996
2097 9861 1087
2098 4473 6227
2099 3804 865
2100 8589 330
2101 2827 9196
2102 5262 8286
2103 6582 4668
2104 1956 4202
2105 9305 7655
2106 8264 1487
2107 8035 8677
2108 8955 1348
2109 1159 6315
2110 6418 712
2111 342 8126
2112 4755 6039
2113 2330 6724
2114 5112 7834
2115 696 7807
2116 6689 658
2117 2148 5671
2118 885 3084
2119 2177 2973
2120 1024 997
2121 75 4238
2122 5297 3862
2123 8894 4815
2124 3182 111
2125 8177 8615
2126 1078 7662
2127 4690 5018
2128 906 2242
2129 2500 9830
2130 7781 9666
2131 4625 4798
2132 5287 9074
2133 2872 3174
2134 7016 444
2135 4790 7161
2136 4441 3990
2137 6464 8226
2138 4843 7148
2139 3858 1693
2140 4552 2045
2141 2572 8954
2142 2514 8905
2143 9647 5250
2144 4080 3118
2145 6342 6151
2146 2184 4333
2147 3951 2851
2148 7659 3057
2149 2449 1752
2150 704 4676
2151 1185 4197
2152 9699 7376
2153 3450 5409
2154 4663 7069
2155 4516 9449
2156 7592 4934
2157 8273 3438
2158 6562 2277
2159 7424 6817
2160 4924 7555
2161 8968 6420
2162 2431 7932
2163 7156 6588
2164 1664 5310
2165 2577 2475
2166 2363 1997
2167 8024 9650
2168 603 6614
2169 6 4465
2170 3216 7766
2171 9039 8016
2172 7855 8334
2173 8055 9793
2174 469 6237
2175 1720 4298
2176 8588 4551
2177 7511 8963
2178 2565 5018
2179 2985 9549
2180 5472 2865
2181 8842 279
2182 6415 6791
2183 7826 8816
2184 9006 2301
2185 6753 5492
2186 2781 9798
2187 7944 2056
2188 1697 5352
2189 7006 9291
2190 2861 8610
2191 1569 4011
2192 7067 3558
2193 939 3687
2194 6159 5009
2195 4992 900
2196 4846 3032
2197 8750 776
2198 8876 9631
2199 4644 3442
2200 4179 2802
2201 9798 6787
2202 7830 1086
2203 465 9064
2204 4013 2346
2205 6287 7154
2206 9991 4306
2207 3379 9046
2208 1071 8169
2209 4528 5477
2210 2514 2319
2211 4800 688
2212 1052 7639
2213 9636 6679
2214 3101 9416
2215 833 6060
2216 2340 9339
2217 4797 779
2218 3216 8150
2219 3704 6447
2220 9077 5535
2221 7315 5812
2222 8995 2252
2223 7919 3375
2224 4557 5212
2225 6438 4516
2226 1541 1612
2227 7023 9399
2228 9725 2413
2229 6107 3290
2230 3750 6920
2231 6478 456
2232 7105 2961
2233 3729 7550
2234 3601 8239
2235 4934 5619
2236 9349 6100
2237 3839 5158
2238 1334 6567
2239 8150 7719
2240 9174 2580
2241 765 5990
2242 3529 3302
2243 5665 8457
2244 3642 6208
2245 1330 8803
2246 2408 7648
2247 3621 9319
2248 871 722
2249 7544 8938
2250 1994 5442
2251 6020 6128
2252 8870 4758
2253 3844 413
2254 234 5318
2255 2048 5207
2256 3754 5437
2257 6715 8387
2258 1154 5198
2259 816 7623
2260 8984 6924
2261 9933 3454
2262 7072 3765
2263 1122 284
2264 6971 1971
2265 3125 5623
2266 9621 1770
2267 6308 2851
2268 184 7185
2269 4145 6264
2270 1161 2925
2271 354 3766
2272 6863 8796
2273 8460 310
2274 6575 9036
2275 242 1421
2276 42 658
2277 7132 4560
2278 9255 2026
2279 7914 8460
2280 5816 1446
2281 5646 2723
2282 2821 9690
2283 418 8809
2284 9375 2223
2285 3961 8954
2286 3380 4847
2287 22 7689
2288 9309 8126
2289 178 4315
2290 6829 7829
2291 735 7937
2292 6282 6067
2293 2127 9945
2294 1599 2319
2295 5462 2116
2296 2527 2038
2297 9804 5721
2298 2096 3970
2299 3816 9784
2300 855 6145
2301 3559 6703
2302 9851 3881
2303 8403 3551
2304 6148 9703
2305 5243 4458
2306 5305 685
2307 5048 1932
2308 5094 5042
2309 8312 7696
2310 3521 5157
2311 2479 8770
2312 462 7175
2313 8782 5400
2314 8806 933
2315 5133 4290
2316 1907 3177
2317 8014 7314
2318 8377 3184
2319 5443 2002
2320 9065 9847
2321 5261 9150
2322 5921 8278
2323 4264 6977
2324 4065 5475
2325 3178 2213
2326 3906 2865
2327 9368 504
2328 1649 7146
2329 5845 8525
2330 2187 4934
2331 8619 834
2332 6390 3456
2333 7923 2149
2334 6362 2245
2335 8909 6884
2336 5102 335
2337 2738 2351
2338 7893 8420
2339 3946 7260
2340 6936 516
2341 2137 5879
2342 8564 455
2343 6968 4299
2344 7101 6578
2345 2980 3974
2346 8420 6091
2347 5312 6362
2348 3014 4742
2349 1816 2253
2350 8274 507
2351 1916 7865
2352 9072 3975
2353 5512 3626
2354 5646 7300
2355 637 8208
2356 650 6357
2357 2950 5342
2358 8445 2502
2359 1826 4209
2360 6739 1839
2361 3898 4104
2362 2588 6222
2363 8792 2368
2364 8796 5714
2365 2630 8851
2366 8537 8327
2367 3869 3567
2368 4140 9582
2369 555 3265
2370 408 7259
2371 6641 9439
2372 6997 3926
2373 1392 8371
2374 980 7628
2375 6468 6800
2376 5471 8963
2377 367 6955
2378 1614 8249
2379 5271 4856
2380 6795 1165
2381 1504 1950
2382 3425 8504
2383 2241 1161
2384 8391 2019
2385 4528 7969
2386 5777 2026
2387 1888 4757
2388 1996 4374
2389 5873 5252
2390 8206 1929
2391 1698 3946
2392 8168 1503
2393 6864 4003
2394 9492 2397
2395 7829 3613
2396 2430 7046
2397 7413 8707
2398 9371 7989
2399 7994 7027
2400 6105 9839
2401 7918 6932
2402 2302 6845
2403 7553 8854
2404 6650 1586
2405 3766 2061
2406 8330 9737
2407 3820 336
2408 2521 8622
2409 1525 4374
2410 8187 8152
2411 1990 951
2412 7058 9387
2413 2073 7152
2414 1332 4581
2415 6250 4533
2416 7683 4595
2417 8213 8918
2418 4019 2752
2419 6696 1678
2420 3664 5815
2421 94 5126
2422 9050 941
2423 5038 6512
2424 8101 2606
2425 6289 6567
2426 2312 645
2427 3255 6593
2428 3102 888
2429 4987 7642
2430 3869 2113
2431 9914 1124
2432 9853 1530
2433 7440 9010
2434 5846 1891
2435 5568 6078
2436 5328 8065
2437 753 7858
2438 9203 7278
2439 4273 3517
2440 7026 491
2441 4697 3278
2442 1523 6779
2443 4186 6820
2444 3906 3233
2445 5391 1288
2446 5749 4979
2447 8022 6522
2448 8380 332
2449 5289 9663
2450 8505 2364
2451 1552 3071
2452 3585 7543
2453 569 5231
2454 2770 4226
2455 3031 6773
2456 4919 181
2457 3186 7747
2458 1516 2092
2459 1147 2831
2460 3832 6739
2461 798 2197
2462 6699 4353
2463 2246 5498
2464 4984 6613
2465 4430 9995
2466 3338 5607
2467 7165 3942
2468 3717 1734
2469 7502 1233
2470 3538 3537
2471 5494 933
2472 2271 432
2473 5297 7823
2474 9377 7650
2475 791 5784
2476 4466 3348
2477 9545 2765
2478 4069 2945
2479 6836 767
2480 2624 828
2481 9097 3870
2482 6665 3051
2483 3016 9305
2484 2505 7703
2485 8753 2483
2486 4524 8572
2487 5940 6599
2488 8595 2146
2489 4991 8953
2490 4495 6631
2491 6984 9603
2492 5360 4736
2493 4637 8280
2494 3030 5288
2495 7178 9311
2496 9847 2341
2497 654 8916
2498 8261 177
2499 6122 2455
2500 538 7801
2501 3419 9727
2502 4200 2375
2503 8100 830
2504 2394 7553
2505 9393 8700
2506 4267 213
2507 6850 8597
2508 2796 4675
2509 9377 3520
2510 1636 5963
2511 3470 5484
2512 9 1841
2513 8875 32
2514 9370 2754
2515 3230 2163
2516 9966 7056
2517 1600 7980
2518 2392 4378
2519 585 2830
2520 2330 6833
2521 3261 726
2522 7755 8300
2523 5536 2589
2524 1103 7789
2525 152 9171
2526 3277 9034
2527 4906 3636
2528 5038 2846
2529 1565 9891
2530 1288 3563
2531 7630 845
2532 8555 3889
2533 9578 3494
2534 9133 2552
2535 2115 2727
2536 872 4569
2537 4832 3191
2538 9210 9632
2539 3792 8340
2540 5094 7415
2541 4957 6183
2542 4997 6711
2543 9755 5311
2544 345 7411
2545 627 5139
2546 3421 723
2547 198 7695
2548 4146 4390
2549 8791 9716
2550 1474 1155
2551 4249 2194
2552 1486 5950
2553 2270 8255
2554 3121 4112
2555 7999 3938
2556 2412 4274
2557 9619 691
2558 7756 1167
2559 6620 9889
2560 2078 8240
2561 9164 9620
2562 857 5725
2563 2479 9018
2564 319 8040
2565 4239 2019
2566 1426 792
2567 9866 514
2568 4637 7131
2569 5460 1523
2570 4571 162
2571 2389 5838
2572 6863 3813
2573 5979 8850
2574 5299 5255
2575 4533 2465
2576 6801 5224
2577 5471 1084
2578 8379 3051
2579 5118 9877
2580 8363 6388
2581 1628 1801
2582 6970 278
2583 3260 9725
2584 4755 5607
2585 8380 6481
2586 4789 888
2587 3601 4661
2588 8019 7555
2589 746 8791
2590 6203 8073
2591 569 1481
2592 1124 6341
2593 9705 1631
2594 1954 6181
2595 2787 826
2596 4499 6793
2597 573 9171
2598 728 2001
2599 1030 5025
2600 9346 1338
2601 1533 1984
2602 2034 5960
2603 1596 4613
2604 3823 8974
2605 8007 504
2606 4486 4527
2607 7875 5465
2608 7923 7823
2609 7919 7382
2610 6228 8515
2611 8200 5572
2612 953 6071
2613 856 65
2614 8069 9161
2615 2560 5568
2616 8129 5079
2617 2240 5980
2618 5705 1192
2619 5836 8506
2620 8212 8732
2621 248 8443
2622 3845 5377
2623 1290 1786
2624 1091 84
2625 4748 9041
2626 4971 5854
2627 5997 6983
2628 2249 4920
2629 7668 3627
2630 556 9504
2631 1125 4869
2632 6850 9980
2633 2603 6414
2634 4583 3765
2635 4801 4447
2636 7322 4511
2637 3025 8825
2638 4622 350
2639 3069 8128
2640 8286 6850
2641 7815 8261
2642 7938 9735
2643 1375 6971
2644 8634 4591
2645 7862 8954
2646 2043 1902
2647 7071 8213
2648 7640 8211
2649 9188 4369
2650 145 5236
2651 4749 1514
2652 5082 9878
2653 2577 6418
2654 2725 9541
2655 2654 9118
2656 9953 6058
2657 1489 7160
2658 6943 3614
2659 39 4609
2660 5104 7874
2661 7721 9059
2662 8727 482
2663 7487 7054
2664 9377 8933
2665 6542 2007
2666 2456 1560
2667 3075 640
2668 1947 6232
2669 3706 3176
2670 5226 853
2671 8273 2220
2672 1653 1542
2673 1802 1019
2674 793 945
2675 9913 8739
2676 9271 3265
2677 851 848
2678 7672 6243
2679 5216 4274
2680 7929 5341
2681 1804 4407
2682 6036 2364
2683 2322 7958
2684 3762 247
2685 3902 815
2686 5348 9060
2687 7975 5739
2688 4582 2030
2689 3999 3272
2690 2628 3860
2691 8279 2387
2692 8582 7606
2693 9121 2236
2694 8570 9967
2695 312 7214
2696 1611 256
2697 7247 5326
2698 4871 8327
2699 5888 5531
2700 523 4107
2701 7385 8912
2702 9713 786
2703 205 422
2704 1595 2317
2705 5273 874
2706 6920 6027
2707 3957 609
2708 7110 7992
2709 1400 5916
2710 3967 9381
2711 6737 2331
2712 7763 6672
2713 5563 7078
2714 6311 8746
2715 5442 5635
2716 3646 768
2717 5368 850
2718 6810 1490
2719 1703 8139
2720 6639 4640
2721 879 2010
2722 7990 2729
2723 283 5007
2724 5840 9829
2725 1858 4463
2726 317 539
2727 9604 9717
2728 6321 2274
2729 4643 1965
2730 988 2990
2731 38 7336
2732 8115 1160
2733 1295 4545
2734 606 4894
2735 1226 9634
2736 6753 8292
2737 7874 6693
2738 1116 1727
2739 7532 1832
2740 2114 2316
2741 4270 7532
2742 1651 782
2743 9031 3396
2744 7429 2344
2745 792 9843
2746 1967 2904
2747 1442 7540
2748 3896 7966
2749 4815 4796
2750 732 5190
2751 5779 1551
2752 1730 9684
2753 8077 9638
2754 5639 8942
2755 3116 8755
2756 7752 2724
2757 8682 9782
2758 9983 2206
2759 4460 4510
2760 9201 8848
2761 3421 8827
2762 9573 2718
2763 6919 9454
2764 4660 1036
2765 1411 4094
2766 3444 8279
2767 8651 4981
2768 9024 5155
2769 5705 8795
2770 3626 2871
2771 4759 4697
2772 5284 6051
2773 5247 6597
2774 8293 4903
2775 2125 1020
2776 6233 8604
2777 565 7308
2778 7500 4058
2779 8690 4189
2780 945 8231
2781 6475 9015
2782 1567 3931
2783 6407 9000
2784 6070 3747
2785 4581 3933
2786 2517 4100
2787 4310 4445
2788 6893 4399
2789 6898 9242
2790 6789 8631
2791 7210 9681
2792 8322 1421
2793 3062 7326
2794 4724 5048
2795 7739 52
2796 9227 2137
2797 5827 5727
2798 8120 3846
2799 6931 1350
2800 3697 1723
2801 4516 814
2802 4930 6264
2803 2785 1680
2804 3433 2259
2805 7930 6537
2806 1948 7007
2807 834 3147
2808 3646 1342
2809 7723 8576
2810 7177 3063
2811 2714 2705
2812 5801 818
2813 7931 6945
2814 5292 1794
2815 5095 5786
2816 7121 3887
2817 114 3371
2818 1315 5582
2819 2280 3561
2820 1718 3909
2821 4251 1210
2822 8695 7844
2823 9357 3456
2824 7448 3458
2825 7036 7005
2826 7746 1854
2827 9587 5841
2828 2757 9952
2829 7221 8566
2830 4539 2799
2831 3613 2187
2832 5964 7343
2833 7536 7314
2834 8437 1505
2835 2440 5361
2836 6367 7111
2837 2500 912
2838 994 2692
2839 2467 701
2840 6193 2599
2841 5817 1457
2842 4575 2790
2843 8652 2722
2844 9555 7793
2845 5164 7048
2846 2859 8356
2847 5106 2795
2848 3513 5866
2849 1063 1628
2850 1420 404
2851 9876 7905
2852 5149 2887
2853 948 2415
2854 9648 3843
2855 9003 4887
2856 1224 1729
2857 6815 3394
2858 7893 7015
2859 987 4014
2860 2165 1072
2861 9251 6530
2862 322 8513
2863 8737 5346
2864 1303 2540
2865 9240 6472
2866 139 2576
2867 297 603
2868 1320 771
2869 412 7688
2870 8654 3699
2871 8085 6279
2872 5074 8726
2873 1683 9902
2874 7100 9142
2875 1922 2840
2876 41 1074
2877 6444 9629
2878 1818 3398
2879 4562 9541
2880 9412 813
2881 2433 5154
2882 9528 8466
2883 3602 8653
2884 2610 2927
2885 9459 6635
2886 1913 196
2887 8539 3022
2888 2826 7543
2889 2696 2621
2890 8904 6238
2891 5287 1549
2892 9493 1262
2893 1536 4705
2894 5772 1190
2895 7923 6962
2896 4779 8483
2897 518 2711
2898 9221 5246
2899 4037 4272
2900 2521 6358
2901 3272 7748
2902 774 6388
2903 9110 3353
2904 9800 8250
2905 3145 3141
2906 6593 1209
2907 8799 5746
2908 5214 403
2909 7178 747
2910 365 3810
2911 948 3801
2912 4209 9509
2913 2205 7529
2914 8831 2682
2915 1181 7633
2916 9536 8185
2917 3737 7267
2918 4735 7294
2919 2998 298
2920 6047 4627
2921 6463 883
2922 7894 4145
2923 3911 156
2924 1267 2046
2925 6983 1964
2926 7118 8926
2927 4746 7608
2928 5884 5195
2929 4518 8656
2930 3316 6702
2931 6336 8849
2932 5158 8328
2933 1134 9147
2934 676 3140
2935 1673 6208
2936 4015 3618
2937 8416 6864
2938 8531 8658
2939 4186 9810
2940 8569 7075
2941 1711 2929
2942 1698 9125
2943 9432 7476
2944 381 7167
2945 8240 9233
2946 7033 620
2947 2096 6124
2948 4471 1289
2949 1589 7672
2950 8668 9160
2951 1223 737
2952 3802 9672
2953 7535 5469
2954 1194 2451
2955 5049 8417
2956 5625 8756
2957 8317 6523
2958 1778 4901
2959 6180 332
2960 5705 8954
2961 5502 8916
2962 9522 1261
2963 4565 6155
2964 2761 9141
2965 9957 3703
2966 80 7461
2967 6440 4596
2968 1333 9650
2969 1142 2304
2970 5321 7639
2971 8743 9415
2972 7815 8404
2973 5791 9519
2974 6298 5529
2975 1856 4466
2976 3242 6003
2977 7963 6088
2978 4729 3906
2979 4073 9012
2980 7441 3055
2981 808 2245
2982 3135 2320
2983 7150 4221
2984 1602 9147
2985 1868 839
2986 5421 8965
2987 3696 7769
2988 2212 4625
2989 2409 3197
2990 8232 9120
2991 6610 1199
2992 864 9434
2993 2074 9451
2994 8159 7444
2995 3274 8026
2996 2958 818
2997 4280 7402
2998 598 6426
2999 616 5581
