0 4157 8022
1 7505 8066
2 2713 5027
3 8148 9538
4 850 6049
5 3023 1801
6 580 8901
7 6207 7395
8 2116 4143
9 2522 2944
10 8543 836
11 1372 5115
12 278 3319
13 956 8989
14 3716 9031
15 9949 697
16 9424 641
17 7681 4356
18 5047 7574
19 854 8998
20 507 8582
21 5925 7852
22 421 496
23 1417 4043
24 4118 6975
25 3620 2325
26 5814 2202
27 531 1058
28 9621 4564
29 5820 3018
30 5939 5797
31 6481 7302
32 1527 225
33 5798 7812
34 5815 4370
35 8243 8084
36 1987 4341
37 2027 8766
38 6621 9452
39 387 7864
40 5853 645
41 1421 518
42 4799 6581
43 9960 5762
44 3356 3894
45 9709 1746
46 3444 1480
47 690 4166
48 9010 2599
49 9237 8206
50 4211 6015
51 8088 779
52 4711 2632
53 2216 9533
54 4608 2298
55 369 9500
56 9342 9333
57 5865 9182
58 8481 4878
59 4638 2576
60 4397 7035
61 26 3987
62 893 1570
63 7048 7879
64 9700 5334
65 8400 6211
66 2581 1112
67 9882 745
68 942 3716
69 2835 4592
70 5638 2871
71 8672 5186
72 1731 2315
73 2623 9302
74 8942 2500
75 4088 5313
76 3797 9304
77 557 4310
78 529 587
79 2024 1895
80 3915 6712
81 3809 1225
82 4268 2907
83 3980 1780
84 8608 9612
85 737 4203
86 9745 488
87 5881 7550
88 1775 6341
89 3833 7148
90 788 7603
91 3800 181
92 9806 5292
93 6024 3751
94 5411 7188
95 2411 7257
96 2586 3099
97 8980 7372
98 3175 5726
99 4203 7846
100 2557 3278
101 9682 7337
102 2014 1421
103 353 3592
104 7191 3720
105 615 10
106 2330 2851
107 9409 9625
108 3163 1675
109 9110 5978
110 2857 283
111 1425 7792
112 327 7933
113 6728 1438
114 4934 9225
115 5176 2274
116 7794 7598
117 7139 7334
118 546 9919
119 9105 570
120 974 4688
121 3769 5124
122 5920 4301
123 3331 3416
124 9294 8771
125 3079 3015
126 114 1231
127 6359 3557
128 5750 2697
129 8426 6995
130 2823 3315
131 4807 1207
132 2646 4189
133 2676 7220
134 5300 1883
135 4648 4440
136 9592 6308
137 1695 7829
138 8686 1717
139 7847 1964
140 8206 8206
141 9742 8344
142 3811 2582
143 2921 1758
144 8843 6175
145 7260 8969
146 2960 8206
147 1969 8771
148 101 2733
149 4792 1806
150 7089 4473
151 7220 6207
152 1700 70
153 6877 2544
154 5147 5991
155 958 291
156 7737 3670
157 8089 1943
158 2432 7046
159 9811 5776
160 7528 6327
161 1584 7563
162 6223 9453
163 6119 7945
164 6613 9968
165 4027 6320
166 4253 2788
167 4107 2099
168 7997 6801
169 2759 9773
170 10000 3200
171 4536 5067
172 5120 3596
173 2860 7410
174 1253 1547
175 5334 7283
176 3499 7018
177 9728 1465
178 7127 6260
179 2251 506
180 9665 9142
181 934 2552
182 3304 1159
183 9820 3182
184 1731 3767
185 754 7390
186 541 1996
187 2758 2000
188 3825 9927
189 3451 395
190 8946 3412
191 7867 1803
192 2188 2556
193 8701 4411
194 4158 7893
195 7197 2090
196 7936 7349
197 765 699
198 9358 9253
199 5717 2380
200 613 5782
201 7762 4001
202 3531 2007
203 9396 7980
204 17 6731
205 6631 240
206 766 2588
207 3005 7559
208 6492 5676
209 830 336
210 5594 9155
211 6260 694
212 357 4834
213 1366 771
214 268 6991
215 2095 2046
216 4706 8779
217 4186 9546
218 3543 1506
219 541 1536
220 9763 2900
221 3456 3696
222 763 5976
223 1135 7627
224 3746 1214
225 852 6204
226 9614 4836
227 1605 9782
228 9010 1006
229 544 9405
230 1310 1373
231 9743 7495
232 6198 4037
233 5439 1283
234 2088 6947
235 164 6355
236 2939 5103
237 8228 6568
238 643 1611
239 1852 7433
240 1530 5581
241 1526 5265
242 5958 6685
243 9436 3435
244 4113 9918
245 4230 9417
246 8267 4878
247 4239 5363
248 896 3921
249 3370 9782
250 150 5974
251 695 3338
252 7007 3053
253 4662 3701
254 9619 1622
255 3970 9181
256 4564 1140
257 9835 4652
258 1063 6492
259 6191 8216
260 1099 4529
261 8943 7788
262 992 9942
263 982 3460
264 9779 5365
265 9314 4645
266 8321 343
267 3681 7999
268 3728 5647
269 3367 7325
270 6216 5888
271 5386 1960
272 296 6177
273 2608 6299
274 4922 8867
275 4528 4777
276 8372 77
277 8451 7296
278 9973 2538
279 5743 9272
280 2562 5712
281 8758 7085
282 4850 6845
283 2414 5929
284 5277 3177
285 7480 9027
286 3384 3800
287 3699 7837
288 3689 7965
289 6205 4693
290 5744 3075
291 9356 9286
292 8906 7777
293 5659 341
294 7489 7389
295 4159 9007
296 6647 5541
297 6018 6719
298 8099 7726
299 5238 9522
300 7260 9791
301 1165 162
302 3857 650
303 8080 8767
304 6856 3375
305 4928 6106
306 7086 5327
307 5861 5074
308 8234 3464
309 6965 357
310 9419 8381
311 8233 5391
312 6797 2342
313 2701 3251
314 9602 2808
315 638 9262
316 2266 9895
317 4379 6021
318 7140 5136
319 8750 5458
320 2594 8635
321 8625 1814
322 6865 3304
323 691 2656
324 2409 6623
325 6482 5136
326 3929 971
327 80 3423
328 6187 139
329 3043 3686
330 7738 1104
331 2023 5035
332 454 921
333 5323 7623
334 6944 1091
335 5697 7128
336 2938 2826
337 7275 5591
338 7952 8974
339 9954 9119
340 9150 432
341 7818 8090
342 2612 9897
343 6774 5395
344 813 4871
345 1064 598
346 3211 4517
347 8569 679
348 3500 6394
349 8555 5862
350 2949 6939
351 567 3373
352 5044 3836
353 4808 5293
354 5511 831
355 2477 3271
356 9427 8451
357 2045 6930
358 12 7272
359 1430 3719
360 4344 5559
361 1595 8945
362 4069 9819
363 5075 8621
364 7450 5738
365 2089 2386
366 2935 7387
367 5723 6262
368 8916 1765
369 3388 1158
370 1780 8285
371 1990 9656
372 1665 9073
373 3320 8144
374 4145 9457
375 2156 5833
376 4903 4292
377 7792 8431
378 736 6905
379 7852 222
380 9050 8314
381 9577 1496
382 8133 9904
383 5313 6536
384 3168 4586
385 1299 8514
386 3769 9385
387 1739 234
388 7793 1764
389 5045 8308
390 2740 8421
391 4096 7609
392 874 1810
393 4706 6561
394 3098 3188
395 9148 7470
396 4816 7123
397 9018 9209
398 4708 9146
399 3446 6129
400 6225 8179
401 25 9290
402 2028 685
403 6069 7978
404 7896 7085
405 6509 251
406 6873 919
407 7134 647
408 73 6012
409 4550 4632
410 3136 6775
411 6702 3489
412 6274 4425
413 5307 3129
414 7838 9251
415 5810 3827
416 9749 2720
417 385 7613
418 7624 3699
419 8391 4500
420 2958 5889
421 3058 9366
422 6477 2551
423 6772 6935
424 3109 753
425 3760 6564
426 4219 8744
427 2921 9425
428 1588 3404
429 1363 4733
430 1239 7922
431 4565 398
432 3764 9567
433 6504 6325
434 8391 3779
435 8462 8873
436 4089 9559
437 971 5050
438 435 1306
439 6551 7118
440 5787 998
441 3274 7696
442 5324 7084
443 4362 8139
444 4404 2374
445 4031 6541
446 5433 7583
447 4177 7674
448 2225 7644
449 1967 795
450 2190 4197
451 3472 7264
452 4296 622
453 5942 3071
454 6920 807
455 6662 3171
456 5747 7128
457 3835 8934
458 830 8745
459 3531 4956
460 2587 4989
461 588 7178
462 3878 5993
463 6844 1455
464 1357 6436
465 3770 1242
466 6905 7374
467 3149 5969
468 2908 4869
469 162 622
470 8821 3280
471 9233 1947
472 6980 4684
473 2004 6323
474 939 5460
475 9880 7703
476 8385 3061
477 4123 8789
478 4754 3478
479 102 5707
480 6759 7437
481 8939 8590
482 8339 5447
483 1645 8542
484 2014 536
485 8801 6281
486 196 9718
487 4771 3723
488 515 9656
489 4569 3580
490 6704 9193
491 8527 4722
492 9946 6385
493 6710 551
494 5076 1113
495 5247 9950
496 7176 5878
497 8160 141
498 8514 4625
499 1040 8100
500 9832 3772
501 3401 3987
502 4058 6302
503 4861 1993
504 9931 7784
505 1330 4690
506 2654 8292
507 6018 9916
508 7636 2815
509 8040 7080
510 1363 6486
511 6663 533
512 9538 1675
513 7511 7314
514 5206 2917
515 9793 1558
516 9761 4421
517 684 4613
518 2879 2042
519 8096 504
520 2145 1598
521 1193 6278
522 7428 262
523 2795 285
524 4158 6717
525 9661 2992
526 3129 9120
527 1657 7802
528 9273 4714
529 5668 6099
530 2790 4924
531 9537 7373
532 5321 9571
533 816 8906
534 6275 4017
535 9352 1545
536 3838 8271
537 3774 374
538 9542 8758
539 7135 6299
540 6234 8958
541 8601 2679
542 4522 5704
543 2751 794
544 4547 6437
545 7892 9957
546 2772 6243
547 7608 267
548 9702 7363
549 5286 852
550 6450 4152
551 1500 4523
552 62 9222
553 1579 2808
554 5227 4618
555 2272 8658
556 7043 7274
557 6389 7527
558 4040 6
559 9786 7958
560 3084 5383
561 5416 5878
562 553 2843
563 3089 9119
564 5310 3397
565 1034 7491
566 2123 2286
567 1928 8412
568 9039 4592
569 4245 1807
570 4239 6687
571 4153 1944
572 2775 3105
573 2331 5576
574 3683 4265
575 9563 9111
576 9041 7830
577 7350 9658
578 9331 6735
579 936 4277
580 6743 4876
581 9005 3964
582 2620 9365
583 8812 638
584 6312 8410
585 7508 6978
586 4380 4071
587 6277 2561
588 2432 9154
589 601 3465
590 3423 591
591 6491 5580
592 7584 8712
593 9642 4487
594 2085 700
595 4669 1935
596 2513 2093
597 5294 3609
598 9981 6118
599 9777 9601
600 2480 9302
601 7393 3518
602 8742 833
603 4010 5194
604 8542 2031
605 6835 7822
606 1800 1483
607 1551 7479
608 4361 8357
609 1299 5863
610 7601 2001
611 5448 692
612 9765 4904
613 1583 4513
614 1765 1059
615 3270 5234
616 9004 7725
617 1360 6217
618 5104 4624
619 1642 3814
620 3750 128
621 7226 7769
622 7853 8045
623 3839 949
624 7429 3694
625 4283 9238
626 6636 4491
627 9238 3538
628 2033 1801
629 2423 8163
630 4173 8006
631 912 4016
632 7025 8763
633 7460 6659
634 6563 7645
635 5394 5486
636 5620 68
637 3299 3444
638 8347 2053
639 6 1004
640 8482 5386
641 1839 3539
642 4639 3787
643 8781 402
644 3570 8055
645 1588 4721
646 6464 6715
647 7934 8344
648 6 1192
649 2134 4392
650 413 4583
651 3934 2939
652 1707 8149
653 2688 4847
654 1347 2012
655 4937 3099
656 434 7849
657 1261 6424
658 1700 2798
659 7705 8270
660 9600 3305
661 182 4496
662 718 9730
663 9663 9700
664 3162 5691
665 5681 207
666 5826 7823
667 4769 2287
668 5234 1237
669 5877 872
670 9104 3251
671 6393 155
672 2781 9113
673 7475 1059
674 304 4141
675 6455 4672
676 2955 6126
677 3400 9011
678 2565 2616
679 6195 9101
680 1517 326
681 4946 2628
682 2425 104
683 3758 150
684 6832 7229
685 3391 7782
686 717 2347
687 6546 9935
688 6439 2309
689 2774 1768
690 9376 9592
691 5232 389
692 6730 686
693 3151 7013
694 6313 3068
695 5172 6593
696 6040 5517
697 5655 5608
698 8870 2927
699 2740 3217
700 4914 7641
701 1390 3541
702 5480 4157
703 985 9204
704 687 8448
705 711 8311
706 9439 699
707 4436 1693
708 3833 5869
709 5147 1119
710 4361 2286
711 9593 7173
712 7118 3858
713 2370 7245
714 6167 5123
715 2606 5225
716 3638 4116
717 8643 4604
718 2374 4666
719 2197 6286
720 9830 7478
721 2841 1647
722 3426 2243
723 8165 5025
724 4138 4953
725 3897 2344
726 7697 2168
727 1143 5095
728 6343 5373
729 6958 5919
730 1222 7212
731 7019 592
732 9727 4914
733 716 3375
734 1298 9078
735 3887 9229
736 4464 9255
737 6187 8494
738 1208 8406
739 4734 1305
740 1355 8815
741 3381 2476
742 2728 5734
743 6476 5303
744 3882 4944
745 6294 7733
746 7438 4317
747 7132 6597
748 3949 1209
749 1753 5806
750 4663 6306
751 8604 771
752 7895 6342
753 1140 1952
754 6681 7964
755 5008 9657
756 8602 4665
757 2744 2629
758 5783 5243
759 2777 8987
760 3106 7692
761 340 179
762 3243 4197
763 711 1483
764 7799 3172
765 910 8262
766 3630 7509
767 9047 7113
768 9255 2243
769 8211 4211
770 545 9170
771 6354 5325
772 7323 9369
773 6989 2323
774 5046 6152
775 5071 33
776 8724 8295
777 1622 8302
778 937 9108
779 2765 4124
780 3212 341
781 8974 556
782 3406 3032
783 2198 9580
784 3930 965
785 2500 255
786 7862 4251
787 1286 9481
788 4629 4998
789 5590 7360
790 5582 1426
791 6577 5438
792 3070 6080
793 9379 4199
794 4417 1653
795 5364 2145
796 5303 7931
797 6054 6689
798 8587 5647
799 2961 5370
800 8860 6854
801 1383 5095
802 452 3104
803 5875 7512
804 5988 9492
805 9907 5655
806 3571 2040
807 9127 1143
808 5595 5602
809 7495 4956
810 9585 770
811 2011 3950
812 458 3951
813 2092 4393
814 3697 1235
815 5235 4123
816 1346 2284
817 4522 3820
818 3207 2674
819 8407 6971
820 1980 1718
821 6275 172
822 7811 9143
823 8653 6106
824 3306 6313
825 5959 7816
826 6403 1532
827 9695 5228
828 5707 9722
829 6633 4629
830 7063 5715
831 3922 411
832 8003 5366
833 7073 163
834 5284 3126
835 929 6821
836 101 4349
837 2842 1758
838 789 4725
839 3368 1611
840 2537 6989
841 9768 5100
842 6820 6531
843 814 4515
844 9475 3095
845 9200 3958
846 3855 8482
847 9289 2709
848 2933 4411
849 8945 1671
850 9161 9504
851 1759 5396
852 7461 6658
853 2280 2603
854 8851 2408
855 7216 6193
856 9396 8305
857 7400 9128
858 1658 7211
859 9076 1220
860 9398 7710
861 5704 4322
862 2321 4031
863 5356 8149
864 1386 7956
865 7853 8925
866 2835 1131
867 154 9572
868 3431 7600
869 3445 9096
870 5633 6475
871 6066 790
872 6832 7168
873 3426 8430
874 7297 1679
875 4200 7930
876 4904 1235
877 1214 5054
878 3680 5586
879 1315 7035
880 9308 8847
881 1114 6506
882 404 3458
883 5478 8733
884 2766 6552
885 1639 6792
886 3457 6376
887 947 8894
888 1414 5348
889 3037 7608
890 5845 1027
891 5661 3786
892 8224 6530
893 8302 2770
894 5555 8453
895 4306 9702
896 9087 5268
897 8089 8411
898 5030 5831
899 1830 1890
900 8476 2319
901 5625 5476
902 6840 7811
903 873 4456
904 6389 4052
905 2735 6134
906 1062 1099
907 8641 1710
908 6157 7370
909 1197 3171
910 3910 7243
911 5844 7652
912 7012 583
913 9977 955
914 2084 2630
915 9906 3238
916 3613 2122
917 1874 5783
918 8028 693
919 3026 3354
920 7571 7057
921 8566 391
922 6508 5381
923 4057 653
924 5691 5852
925 7226 8225
926 6541 144
927 950 7483
928 2800 6341
929 5052 2716
930 6040 519
931 6151 3796
932 8724 5504
933 1693 4052
934 6867 2639
935 5471 4948
936 541 9214
937 3778 429
938 2650 2623
939 6230 4708
940 7614 4693
941 3374 2223
942 6318 2599
943 3003 447
944 3206 2007
945 5683 1056
946 7338 1705
947 5039 1700
948 1449 7740
949 6485 1307
950 3016 9478
951 2035 6024
952 2489 6746
953 6077 2081
954 7851 865
955 4888 6074
956 2616 7196
957 2720 5692
958 9284 8241
959 6212 2402
960 404 2456
961 6404 4797
962 347 6753
963 9778 3341
964 2742 4492
965 2762 5443
966 811 4876
967 8075 5652
968 9719 444
969 6551 800
970 3230 5086
971 9643 4470
972 5603 7590
973 3119 510
974 1099 4080
975 6185 551
976 7642 9640
977 1669 8918
978 5646 7678
979 2673 7978
980 8946 397
981 8551 1747
982 4984 7723
983 1516 4522
984 4083 8325
985 9187 6154
986 4097 2658
987 5072 913
988 1640 6890
989 3972 2725
990 3566 9602
991 9562 1709
992 3911 1464
993 9291 4023
994 5391 3558
995 8124 9928
996 8285 5221
997 3915 1692
998 5929 3181
999 9532 7404
1000 1925 8306
1001 8670 2853
1002 1325 4722
1003 6701 6411
1004 576 1034
1005 2277 7315
1006 1620 2062
1007 1987 5873
1008 3021 6158
1009 9847 6116
1010 5401 8469
1011 2496 2121
1012 1870 4168
1013 2526 6384
1014 5267 8735
1015 9277 1244
1016 6189 4564
1017 1333 2982
1018 6642 2488
1019 1502 9217
1020 9271 4621
1021 7954 8493
1022 620 8746
1023 1277 9384
1024 4337 7944
1025 3885 9226
1026 1063 4708
1027 5124 7096
1028 9430 1880
1029 8963 8100
1030 7361 5808
1031 5493 8691
1032 246 7064
1033 4729 6132
1034 5921 994
1035 5291 1386
1036 5991 6061
1037 2030 2952
1038 9766 493
1039 9275 7781
1040 1942 8091
1041 9723 1847
1042 1235 1523
1043 3434 9895
1044 2055 7486
1045 2532 9185
1046 8444 2013
1047 5991 7001
1048 2799 7016
1049 3500 5774
1050 6368 7948
1051 9895 8725
1052 7174 1062
1053 4128 8690
1054 2748 174
1055 8064 8000
1056 9258 800
1057 3809 8563
1058 9577 5683
1059 3838 867
1060 6664 7482
1061 1807 9860
1062 8462 351
1063 3311 3878
1064 6432 6161
1065 3217 1156
1066 5987 6188
1067 5050 112
1068 3218 5083
1069 7936 9699
1070 4416 5125
1071 2452 3774
1072 7144 5444
1073 1539 6124
1074 5572 1495
1075 7749 6800
1076 3364 3333
1077 3384 3504
1078 1654 4601
1079 2037 5036
1080 3144 3943
1081 6350 776
1082 4546 6895
1083 2036 7001
1084 3710 6158
1085 498 9046
1086 1600 224
1087 8483 6001
1088 5659 5455
1089 6176 6732
1090 2998 9457
1091 7492 9071
1092 231 580
1093 3759 6098
1094 7568 4281
1095 7776 1117
1096 5550 1877
1097 9166 3287
1098 8314 8910
1099 8395 6176
1100 8097 2278
1101 8734 4868
1102 2011 8141
1103 5221 967
1104 4838 377
1105 8333 9286
1106 3145 58
1107 6044 9318
1108 2508 8501
1109 8695 991
1110 7611 8013
1111 8899 8944
1112 3121 6670
1113 5114 9896
1114 487 4418
1115 3439 3253
1116 1916 2481
1117 7108 3357
1118 2775 2907
1119 2897 7861
1120 1117 1348
1121 5532 8210
1122 3883 7052
1123 1371 772
1124 7634 3906
1125 8748 2707
1126 3050 3102
1127 9147 895
1128 9296 6899
1129 6213 6140
1130 8970 5906
1131 4508 1062
1132 3393 9017
1133 3912 4384
1134 2565 8096
1135 4601 3459
1136 7829 4482
1137 6416 1339
1138 4062 2767
1139 6312 7185
1140 8118 2577
1141 1349 4324
1142 1833 2421
1143 6180 5369
1144 4875 5109
1145 2388 5265
1146 9160 2609
1147 3602 7196
1148 849 3500
1149 8136 2129
1150 6733 3359
1151 7462 3306
1152 6892 8691
1153 7667 9500
1154 5027 411
1155 5874 1211
1156 7088 4582
1157 6093 2045
1158 1482 4712
1159 7899 8044
1160 6785 6906
1161 6618 1745
1162 923 1145
1163 4080 6038
1164 859 4946
1165 7441 2530
1166 9374 7396
1167 7411 1612
1168 7189 380
1169 3394 9977
1170 2555 9884
1171 5102 3655
1172 7559 3638
1173 9117 4135
1174 7248 3595
1175 6917 5183
1176 9110 8448
1177 8075 3896
1178 7652 1670
1179 1079 2463
1180 2616 9937
1181 6918 9655
1182 10000 492
1183 6505 5811
1184 24 3544
1185 793 8822
1186 9858 6726
1187 3501 8756
1188 6660 8056
1189 6755 4661
1190 7607 7250
1191 4855 5539
1192 5939 1158
1193 6595 10
1194 4494 9641
1195 7412 6168
1196 5122 5377
1197 6304 2512
1198 8015 6588
1199 5459 2752
1200 170 8988
1201 4977 8073
1202 8359 3871
1203 1619 3977
1204 1196 6863
1205 4608 1627
1206 7067 3432
1207 9238 2070
1208 8763 7450
1209 3071 5018
1210 7955 3178
1211 7286 351
1212 2195 7603
1213 7149 6018
1214 204 5954
1215 7294 902
1216 4762 8663
1217 3422 5408
1218 3881 6952
1219 2855 5195
1220 2316 6382
1221 9004 7421
1222 742 1301
1223 1334 3059
1224 3416 1927
1225 3978 5641
1226 5005 5190
1227 6846 1727
1228 1188 4754
1229 132 4723
1230 243 4082
1231 1272 4077
1232 1687 828
1233 4589 4595
1234 4572 6153
1235 4774 79
1236 116 8793
1237 5891 1132
1238 4498 2116
1239 6118 9317
1240 1016 7832
1241 8841 44
1242 6092 1272
1243 479 2246
1244 4421 6207
1245 9484 211
1246 2988 5796
1247 2739 3749
1248 8807 2796
1249 7650 2422
1250 907 1928
1251 6856 2701
1252 8972 247
1253 4304 8430
1254 1671 6002
1255 3039 5500
1256 1012 8411
1257 9176 2766
1258 5966 3244
1259 9130 1749
1260 3732 898
1261 1766 5069
1262 1689 4496
1263 3341 5545
1264 3104 9131
1265 6364 273
1266 8186 3570
1267 3945 901
1268 283 3407
1269 4109 3431
1270 8601 6473
1271 4864 5548
1272 3187 3254
1273 6009 6269
1274 598 2923
1275 9595 2918
1276 7990 618
1277 773 6237
1278 3661 1068
1279 1159 1245
1280 5418 4566
1281 9666 22
1282 4897 5324
1283 3390 6985
1284 8793 3889
1285 4616 5239
1286 3439 454
1287 995 7155
1288 4198 7911
1289 4419 4522
1290 9127 941
1291 8892 4544
1292 9170 9343
1293 7258 9789
1294 2101 3882
1295 3768 3787
1296 17 6748
1297 5302 2013
1298 5836 1038
1299 4902 6285
1300 3905 6876
1301 1307 5660
1302 2377 2659
1303 1241 2298
1304 8089 6959
1305 995 5126
1306 1859 1588
1307 537 8882
1308 6622 6714
1309 9031 7096
1310 8691 6201
1311 6466 6996
1312 4098 3639
1313 8101 1885
1314 1474 9631
1315 408 4987
1316 326 8958
1317 9479 4243
1318 444 1815
1319 1719 5050
1320 5021 1820
1321 1307 5473
1322 6317 8763
1323 6330 6429
1324 5490 1902
1325 4128 9009
1326 9626 8706
1327 5130 9354
1328 8470 3115
1329 8960 3045
1330 8709 8296
1331 1190 3097
1332 4593 6510
1333 222 7192
1334 7865 7450
1335 7374 3380
1336 9551 967
1337 5620 1626
1338 9421 2039
1339 5709 9440
1340 7762 1246
1341 7038 5308
1342 4958 6439
1343 5062 7708
1344 462 4359
1345 8014 1099
1346 6720 3785
1347 1883 844
1348 9921 358
1349 3618 8321
1350 2455 5603
1351 973 9199
1352 468 4452
1353 5357 2388
1354 5828 4762
1355 4725 6700
1356 1953 6881
1357 3842 7120
1358 7178 4970
1359 5202 8646
1360 4372 3540
1361 5874 5310
1362 2751 3784
1363 3849 7567
1364 7599 9998
1365 1624 6388
1366 4480 7996
1367 487 8267
1368 5670 4697
1369 9742 7841
1370 450 2101
1371 8457 8910
1372 3918 8281
1373 9931 6224
1374 7812 9652
1375 9869 6370
1376 7138 813
1377 7313 6514
1378 7540 9283
1379 7611 2435
1380 2306 229
1381 6002 5904
1382 9175 7764
1383 4985 2526
1384 7383 7685
1385 990 1172
1386 7116 6915
1387 276 5605
1388 9018 6251
1389 3462 5104
1390 5385 5894
1391 4503 1193
1392 7342 3607
1393 6160 7349
1394 9770 8215
1395 4007 9314
1396 379 6434
1397 3094 2644
1398 4515 5205
1399 3609 3561
1400 8670 5026
1401 4599 7167
1402 3305 1886
1403 5739 7823
1404 8548 615
1405 4578 4762
1406 5086 9686
1407 2246 2998
1408 581 1794
1409 8478 1880
1410 6020 1693
1411 4722 2868
1412 446 6476
1413 7334 5853
1414 6988 5476
1415 9305 3473
1416 1465 4977
1417 110 8287
1418 3791 7976
1419 3355 3699
1420 6136 220
1421 2578 4456
1422 3192 8112
1423 6491 639
1424 4415 2773
1425 7273 7671
1426 7506 8141
1427 6375 1104
1428 6857 4526
1429 8143 7306
1430 1034 2382
1431 7463 3844
1432 1187 6184
1433 4921 3299
1434 5436 9460
1435 5292 5431
1436 8397 1755
1437 9839 2592
1438 3014 1484
1439 5342 9423
1440 5310 3582
1441 8767 8360
1442 2334 421
1443 3262 4931
1444 8793 8312
1445 8429 4787
1446 8219 7214
1447 3813 2532
1448 2118 6883
1449 4975 7174
1450 8298 7151
1451 6322 6271
1452 9087 4138
1453 3016 7974
1454 6569 4038
1455 971 2917
1456 9956 3114
1457 2506 4469
1458 8392 9142
1459 9725 9179
1460 5109 6026
1461 1820 5366
1462 1544 6871
1463 699 7771
1464 5374 2326
1465 9173 9299
1466 8020 7484
1467 8561 9241
1468 4645 380
1469 9754 2887
1470 5376 9464
1471 7452 5764
1472 2677 8625
1473 3707 8202
1474 6672 2801
1475 5503 3489
1476 7241 9901
1477 6177 1282
1478 9726 19
1479 1863 3712
1480 8668 7138
1481 4201 3249
1482 63 9434
1483 986 8415
1484 2454 2314
1485 1250 3730
1486 4134 6290
1487 3686 5865
1488 5297 741
1489 4896 5733
1490 9208 8704
1491 195 6098
1492 4365 6822
1493 6173 4967
1494 7796 3431
1495 9872 7137
1496 1086 5242
1497 8860 2869
1498 1781 4457
1499 2040 153
1500 8853 2804
1501 4936 5538
1502 5090 3127
1503 3118 8127
1504 696 8249
1505 3454 3404
1506 619 475
1507 5152 9442
1508 7558 9840
1509 723 3111
1510 5446 7589
1511 1298 2549
1512 5139 1031
1513 9179 7327
1514 6932 1508
1515 9286 8944
1516 24 5550
1517 5058 7584
1518 5119 5017
1519 7938 3553
1520 4812 1327
1521 3077 7290
1522 4435 6265
1523 165 6932
1524 4490 4957
1525 7774 3492
1526 3760 6465
1527 5719 8662
1528 9977 9465
1529 4202 8822
1530 8195 3855
1531 883 4846
1532 2805 7601
1533 5520 510
1534 4594 5477
1535 5448 7762
1536 3595 7216
1537 240 9311
1538 9461 348
1539 6582 1671
1540 7748 9836
1541 8066 3213
1542 3306 5431
1543 9841 7145
1544 3445 3042
1545 4791 5293
1546 6443 4567
1547 3379 8387
1548 1885 8363
1549 5260 9783
1550 8426 1601
1551 8357 518
1552 9915 9557
1553 6333 4490
1554 9851 1972
1555 9437 6937
1556 1006 6500
1557 4634 4411
1558 8089 6249
1559 8526 5691
1560 1342 7219
1561 9774 413
1562 6435 8923
1563 1787 9423
1564 7933 148
1565 231 1964
1566 2099 5121
1567 6831 5342
1568 9046 2506
1569 3899 7040
1570 7595 9755
1571 4798 3580
1572 6377 6970
1573 2018 5201
1574 1816 9327
1575 6665 7386
1576 188 6698
1577 7750 605
1578 2458 6871
1579 1261 2197
1580 4045 9289
1581 4229 7941
1582 9815 6980
1583 2184 7131
1584 6499 8988
1585 5660 5418
1586 7433 9698
1587 2437 522
1588 22 2330
1589 9206 7171
1590 66 5042
1591 6454 8929
1592 4889 4975
1593 7229 678
1594 4118 340
1595 8326 3075
1596 4057 5068
1597 8523 158
1598 9384 1011
1599 363 165
1600 2530 4380
1601 4821 3882
1602 1506 4602
1603 791 3374
1604 4326 8603
1605 2448 9084
1606 3115 5530
1607 2787 5772
1608 2662 9744
1609 2241 4073
1610 5446 9573
1611 9607 3698
1612 70 3678
1613 4187 6921
1614 722 421
1615 7829 5036
1616 1471 7580
1617 1421 7038
1618 2389 5509
1619 7214 890
1620 6195 4548
1621 8189 9121
1622 6357 4054
1623 3165 9331
1624 3004 5297
1625 2291 3089
1626 9433 7628
1627 2939 1532
1628 7112 2198
1629 401 1632
1630 4593 524
1631 7365 5538
1632 6131 7408
1633 9644 4520
1634 8968 3884
1635 4385 7175
1636 7387 349
1637 5909 5743
1638 9647 3148
1639 5598 975
1640 7948 967
1641 1413 5340
1642 4354 5630
1643 8747 4089
1644 7445 5453
1645 7627 3147
1646 3318 1150
1647 6873 8608
1648 3678 7252
1649 2854 1308
1650 5468 6647
1651 7698 1665
1652 2734 9395
1653 5115 3529
1654 1742 7812
1655 6241 3113
1656 4695 6189
1657 5382 5920
1658 3234 6964
1659 2919 1926
1660 8444 7812
1661 2172 5916
1662 52 5
1663 1791 591
1664 1429 1490
1665 1409 1259
1666 7981 9329
1667 6561 3145
1668 8019 2045
1669 4059 8254
1670 319 9009
1671 9295 1936
1672 826 3213
1673 5469 3861
1674 832 4178
1675 6633 4104
1676 682 5300
1677 8109 1387
1678 5943 3959
1679 2758 3201
1680 6175 489
1681 3722 9074
1682 158 1727
1683 4115 9573
1684 9624 8598
1685 1722 2405
1686 5181 1154
1687 2991 4709
1688 2885 8503
1689 9091 7842
1690 6190 5153
1691 6079 1395
1692 5170 7408
1693 9298 6946
1694 9347 750
1695 188 2394
1696 6001 5430
1697 1819 2598
1698 427 4555
1699 4951 2616
1700 2878 3084
1701 7146 4620
1702 8585 3291
1703 9074 1022
1704 6578 3661
1705 126 438
1706 1036 1219
1707 8974 4887
1708 9908 9102
1709 9868 6036
1710 1224 4849
1711 7876 1596
1712 6604 7406
1713 7698 1562
1714 1012 3170
1715 8269 1808
1716 6960 355
1717 6108 66
1718 2689 8248
1719 655 5025
1720 9843 8240
1721 2765 8444
1722 6028 9960
1723 6632 9765
1724 2298 2595
1725 3971 264
1726 5879 8172
1727 5344 9840
1728 9568 2517
1729 4027 8351
1730 8892 3196
1731 2289 6666
1732 9209 1445
1733 9518 1003
1734 5887 692
1735 2052 7049
1736 3946 2736
1737 1003 5842
1738 6939 1923
1739 752 9654
1740 2130 7152
1741 3769 452
1742 8380 7131
1743 4733 3345
1744 221 4297
1745 9527 5928
1746 2691 2524
1747 5283 5221
1748 8528 7492
1749 5239 4838
1750 5567 2183
1751 4007 3682
1752 1363 6797
1753 3721 8933
1754 9226 4188
1755 6124 835
1756 4715 2849
1757 7455 9770
1758 9425 8411
1759 2093 2656
1760 8376 6005
1761 1094 7447
1762 6287 4830
1763 5129 6864
1764 5671 2634
1765 4596 8630
1766 8718 8392
1767 529 616
1768 6482 6720
1769 2090 1873
1770 4714 6284
1771 850 6962
1772 2327 8687
1773 9519 2490
1774 3149 2282
1775 7578 1326
1776 5146 8262
1777 6868 2649
1778 4228 935
1779 7964 946
1780 642 8579
1781 3787 4902
1782 6954 9594
1783 618 2007
1784 8743 1908
1785 3464 2456
1786 8748 6974
1787 8441 6889
1788 4660 3393
1789 9826 4100
1790 5696 6719
1791 3562 5863
1792 2665 2949
1793 5211 1592
1794 1959 7128
1795 1518 5733
1796 7091 7127
1797 23 3592
1798 8927 3629
1799 2734 3088
1800 6413 710
1801 5130 7824
1802 3150 1644
1803 7348 1908
1804 888 4838
1805 4964 4978
1806 50 8214
1807 4747 6749
1808 5841 4838
1809 45 8927
1810 3021 3723
1811 1703 7796
1812 2777 6483
1813 324 7519
1814 5342 2926
1815 7398 4059
1816 6985 8582
1817 1518 9793
1818 7233 9530
1819 6761 7382
1820 5353 6959
1821 8278 1933
1822 1938 4791
1823 4701 7176
1824 1853 3929
1825 2508 7712
1826 6074 3982
1827 9122 2396
1828 3943 3525
1829 6313 7671
1830 8298 9172
1831 4125 6673
1832 502 9882
1833 6 5621
1834 3658 1723
1835 423 1668
1836 4651 9796
1837 1059 5078
1838 5335 3358
1839 2668 8854
1840 5798 15
1841 1320 6747
1842 6306 8910
1843 377 1002
1844 3275 7748
1845 567 5105
1846 847 4831
1847 1911 885
1848 9318 4818
1849 3009 2682
1850 1401 3717
1851 4587 284
1852 882 6707
1853 3803 8544
1854 2875 6844
1855 3169 5502
1856 7692 232
1857 4204 5450
1858 1449 4018
1859 4872 4515
1860 2426 9431
1861 3370 5616
1862 8516 2366
1863 4370 2480
1864 9584 5990
1865 2330 8401
1866 1328 7185
1867 8769 1207
1868 313 6309
1869 3484 9883
1870 3621 9948
1871 6347 330
1872 9026 8711
1873 9184 6598
1874 252 4898
1875 2683 2710
1876 5894 984
1877 8903 9119
1878 1593 4813
1879 8926 272
1880 3721 5937
1881 3780 343
1882 7179 3781
1883 1268 6129
1884 5432 7095
1885 38 8597
1886 2820 5495
1887 7679 5823
1888 996 1457
1889 8895 9316
1890 8856 3133
1891 5918 7917
1892 991 6418
1893 1979 4122
1894 369 3755
1895 2834 5815
1896 8966 4156
1897 6247 3227
1898 1439 8217
1899 4289 4527
1900 8528 7579
1901 2245 4113
1902 211 7320
1903 9709 380
1904 6086 8379
1905 1075 3671
1906 540 7972
1907 1142 7822
1908 8630 3061
1909 9689 652
1910 9670 9938
1911 8055 836
1912 2425 6715
1913 3176 8334
1914 4657 2706
1915 9504 6063
1916 2798 8021
1917 8003 4114
1918 9708 4122
1919 2217 8334
1920 3872 1081
1921 6762 1391
1922 142 2542
1923 3635 9725
1924 2964 2060
1925 2128 9751
1926 2437 7896
1927 2560 3228
1928 2073 239
1929 8903 8191
1930 7572 5051
1931 767 4583
1932 1211 9779
1933 135 9571
1934 2743 5530
1935 2012 9848
1936 513 4128
1937 8394 8206
1938 8581 9496
1939 4343 7653
1940 270 470
1941 7609 9622
1942 1883 4006
1943 4544 1318
1944 5666 7682
1945 6386 6764
1946 4994 3450
1947 5147 2324
1948 8215 3985
1949 9399 1569
1950 1041 2206
1951 96 8507
1952 4701 5780
1953 608 9360
1954 5666 7592
1955 8295 352
1956 6881 8128
1957 9315 7604
1958 2174 9569
1959 1448 6343
1960 1754 3359
1961 3349 5692
1962 8685 9730
1963 1781 9438
1964 9360 8101
1965 5137 8390
1966 6725 4209
1967 8829 148
1968 6139 1688
1969 6988 9750
1970 8861 9366
1971 1631 6421
1972 2686 1993
1973 6375 8261
1974 3764 6205
1975 2060 1951
1976 2232 9018
1977 9892 7709
1978 528 5874
1979 9621 9523
1980 7178 7906
1981 7292 2615
1982 8873 1014
1983 5911 6492
1984 1266 2679
1985 7566 5352
1986 2702 4062
1987 610 1459
1988 7252 498
1989 3996 9760
1990 3491 8359
1991 6340 2390
1992 2954 1175
1993 2171 5891
1994 6690 2198
1995 2520 7020
1996 8164 1341
1997 3358 3388
1998 58 3602
1999 5140 1214
2000 8318 95
2001 7093 6791
2002 8586 696
2003 1204 6617
2004 5788 7947
2005 7638 6999
2006 8594 5922
2007 1295 3080
2008 1769 7573
2009 4046 1347
2010 7263 8622
2011 8997 4250
2012 5598 9227
2013 9790 8908
2014 9170 4772
2015 1973 3909
2016 1623 5641
2017 3339 5319
2018 3437 9765
2019 9805 8259
2020 5879 4258
2021 9884 7785
2022 8935 9777
2023 7685 6238
2024 5850 8911
2025 5292 9847
2026 2428 6708
2027 7400 5594
2028 6024 6689
2029 7481 1464
2030 6172 5694
2031 3774 4305
2032 4716 8349
2033 2089 2630
2034 3303 1151
2035 8376 1384
2036 3134 1076
2037 5510 9224
2038 4637 9530
2039 5856 142
2040 9347 6517
2041 83 9506
2042 9125 213
2043 1381 7572
2044 4339 1719
2045 307 4497
2046 3130 4268
2047 3551 8417
2048 7281 1327
2049 7232 6687
2050 1051 5572
2051 9618 5046
2052 2675 6430
2053 9819 5588
2054 860 3318
2055 5304 6704
2056 7265 8838
2057 9242 6850
2058 4095 1176
2059 270 496
2060 3722 6795
2061 4671 2586
2062 2359 3072
2063 6653 4053
2064 8791 4005
2065 6846 8200
2066 1855 7631
2067 945 7457
2068 8497 476
2069 7830 7449
2070 9160 1712
2071 2685 9558
2072 6890 7651
2073 4417 2685
2074 4406 7137
2075 334 3081
2076 4748 5526
2077 7529 5902
2078 5744 7665
2079 7857 8291
2080 6790 1200
2081 807 9642
2082 3111 1453
2083 7878 1360
2084 9581 4476
2085 2856 6853
2086 8562 9912
2087 8683 2233
2088 5996 3318
2089 6772 3929
2090 9886 5676
2091 3452 9504
2092 526 9792
2093 8154 7282
2094 1837 6246
2095 4081 4491
2096 2576 5151
2097 2185 4062
2098 3014 5749
2099 1511 3554
2100 8506 4499
2101 5707 7805
2102 809 8292
2103 9998 3172
2104 6917 9655
2105 8041 2728
2106 8752 124
2107 6580 5739
2108 3446 8034
2109 5407 2451
2110 9215 2064
2111 6114 272
2112 2033 3474
2113 3496 3921
2114 4507 8032
2115 301 1418
2116 3259 733
2117 4659 2791
2118 3434 6487
2119 6486 5209
2120 487 9222
2121 5126 236
2122 632 3922
2123 542 376
2124 217 5104
2125 1811 1247
2126 183 2158
2127 6596 5539
2128 7385 3473
2129 5562 2884
2130 9281 5885
2131 7276 346
2132 2341 4197
2133 7249 775
2134 3652 7506
2135 4796 9511
2136 1742 7933
2137 2775 6085
2138 435 5300
2139 2186 4433
2140 5934 5841
2141 8329 4872
2142 3503 8668
2143 1262 4252
2144 9687 823
2145 6406 4660
2146 3301 7867
2147 5953 5122
2148 6625 5705
2149 4353 4459
2150 2637 2024
2151 7615 4233
2152 3924 3134
2153 8127 3997
2154 5755 4803
2155 3070 5775
2156 8392 723
2157 7514 3269
2158 9613 3150
2159 9051 8589
2160 2352 9321
2161 4248 1928
2162 3369 4238
2163 1345 5591
2164 6145 1472
2165 449 8984
2166 7531 628
2167 3835 7255
2168 7693 6483
2169 6500 8875
2170 1140 9457
2171 8897 9705
2172 9171 9327
2173 730 5083
2174 1142 3425
2175 9301 6207
2176 2558 9551
2177 7145 3991
2178 5574 8320
2179 6264 1903
2180 8263 6578
2181 9272 4391
2182 8392 2290
2183 225 1025
2184 2319 2977
2185 4503 6814
2186 2572 4186
2187 5760 3
2188 6810 2955
2189 5975 2646
2190 4677 9128
2191 449 8875
2192 570 8878
2193 6187 945
2194 3322 9104
2195 4897 9874
2196 5875 6643
2197 6782 4827
2198 6064 6739
2199 7332 4709
2200 2078 9058
2201 9624 3802
2202 52 7669
2203 6940 3971
2204 6835 3654
2205 67 5830
2206 7484 8372
2207 2261 9315
2208 2138 3376
2209 5319 8144
2210 1870 607
2211 1616 9527
2212 8202 4043
2213 2538 8034
2214 8514 833
2215 9958 4939
2216 2451 7514
2217 6364 5167
2218 8676 9679
2219 7775 4698
2220 5512 6141
2221 7534 6031
2222 4559 3248
2223 3805 8489
2224 6855 3096
2225 5007 8911
2226 8450 6441
2227 5129 5552
2228 1974 597
2229 4213 3470
2230 4731 311
2231 6304 3878
2232 499 3030
2233 2662 4301
2234 2707 8447
2235 1767 7698
2236 402 611
2237 6861 5293
2238 6518 4356
2239 8007 9970
2240 9090 1129
2241 2419 5213
2242 5633 5247
2243 2612 5975
2244 4466 9335
2245 876 2143
2246 2840 9992
2247 9372 9453
2248 3084 7033
2249 9866 2919
2250 3676 8956
2251 255 4115
2252 5194 2446
2253 2426 234
2254 7528 7242
2255 2233 724
2256 3356 9592
2257 9165 1211
2258 3938 9605
2259 3115 9152
2260 7418 7566
2261 9665 431
2262 8426 9646
2263 4937 8184
2264 9330 5678
2265 6283 4520
2266 6776 3263
2267 8877 680
2268 6294 1336
2269 2202 8788
2270 2280 7258
2271 8446 9093
2272 6503 3041
2273 1017 3832
2274 7399 2856
2275 3489 7099
2276 7334 9856
2277 4896 8007
2278 2251 8044
2279 3729 5992
2280 2151 4549
2281 1285 906
2282 4886 3595
2283 5695 2584
2284 96 7571
2285 889 8709
2286 805 6728
2287 6730 316
2288 8264 8195
2289 7541 5910
2290 1510 1978
2291 7037 5936
2292 6163 97
2293 3473 3230
2294 318 4987
2295 5878 8678
2296 728 7401
2297 2779 3769
2298 6828 3182
2299 9623 2965
2300 6903 9471
2301 3690 1670
2302 6976 4105
2303 6225 453
2304 1110 5217
2305 1767 8476
2306 5281 1023
2307 4488 5139
2308 4606 5302
2309 4595 2374
2310 7429 8803
2311 2125 794
2312 5448 8610
2313 5169 8400
2314 6481 222
2315 7001 7712
2316 8013 4425
2317 6621 7315
2318 8817 2605
2319 6203 5603
2320 963 2996
2321 2463 301
2322 8448 1022
2323 2813 1850
2324 9984 1233
2325 7635 3830
2326 2282 6170
2327 3093 106
2328 8213 9318
2329 4232 6704
2330 8300 191
2331 4522 6492
2332 4845 2978
2333 3841 132
2334 3680 2509
2335 8917 7868
2336 9087 8099
2337 4104 2583
2338 7190 7134
2339 2153 9246
2340 5367 7810
2341 9848 8014
2342 1261 1594
2343 1421 5177
2344 8176 4386
2345 5066 6819
2346 3025 1499
2347 3634 1675
2348 9066 623
2349 8807 3145
2350 2426 3054
2351 9603 2130
2352 192 84
2353 5193 9736
2354 746 1296
2355 3366 826
2356 1054 6917
2357 1410 2356
2358 4065 6776
2359 4205 2104
2360 2298 458
2361 9282 8227
2362 1253 6897
2363 4531 7009
2364 1238 166
2365 2378 6501
2366 8864 6969
2367 4611 9410
2368 9796 3074
2369 2186 8563
2370 2551 1824
2371 4209 7173
2372 9333 215
2373 8668 5153
2374 2565 882
2375 157 3811
2376 2876 9903
2377 6391 1179
2378 9945 4996
2379 9256 6352
2380 4462 6810
2381 9361 2689
2382 4817 2580
2383 7048 9851
2384 9744 642
2385 82 7047
2386 6358 9180
2387 301 4647
2388 2409 8545
2389 1080 1795
2390 2078 7449
2391 3938 1715
2392 801 9245
2393 6273 5595
2394 2003 8008
2395 1340 6279
2396 6616 4449
2397 5055 8623
2398 5559 7361
2399 5740 2769
2400 6609 3220
2401 3260 8056
2402 13 479
2403 4702 6074
2404 7678 8799
2405 9917 5079
2406 3355 1038
2407 9570 2937
2408 659 8642
2409 6523 1049
2410 6790 2682
2411 4421 9963
2412 6526 6181
2413 5329 6048
2414 977 1261
2415 7735 9744
2416 6840 4474
2417 7123 9368
2418 7994 9894
2419 2691 3801
2420 1484 3203
2421 3808 3500
2422 9246 5616
2423 9889 4617
2424 7660 565
2425 4832 507
2426 3534 1244
2427 4843 8517
2428 7904 5121
2429 7912 2674
2430 3659 5217
2431 7865 3091
2432 6563 320
2433 4217 3151
2434 3478 3370
2435 5732 1516
2436 9270 7170
2437 7154 3379
2438 7179 5054
2439 5236 9856
2440 2210 265
2441 3143 7702
2442 5272 7139
2443 3302 266
2444 3381 9290
2445 2403 117
2446 2691 5464
2447 287 3758
2448 8648 1011
2449 2254 7432
2450 738 2442
2451 4654 1686
2452 1829 2755
2453 1033 3739
2454 7377 5572
2455 5290 820
2456 1755 9648
2457 3483 5977
2458 6124 2590
2459 1423 1984
2460 9444 6089
2461 7416 3924
2462 5823 6550
2463 1405 8990
2464 7831 991
2465 7747 2803
2466 7954 6447
2467 1938 9022
2468 1850 6098
2469 6813 1522
2470 3703 3951
2471 5555 8836
2472 3819 6015
2473 2558 6916
2474 2353 9736
2475 3804 7500
2476 2033 1968
2477 4642 5627
2478 3198 4102
2479 8592 7588
2480 6996 2064
2481 9440 8816
2482 3278 3147
2483 1296 8330
2484 4466 9044
2485 2312 1356
2486 6975 6273
2487 5565 9939
2488 3617 4061
2489 7059 1615
2490 9043 1161
2491 1778 7086
2492 6281 5149
2493 7303 6010
2494 8091 1701
2495 7240 7869
2496 6341 1609
2497 1749 8530
2498 4556 5917
2499 7971 4954
2500 4667 7259
2501 5346 5124
2502 3800 4720
2503 493 1986
2504 93 7861
2505 2242 7147
2506 4946 3255
2507 682 5344
2508 192 7548
2509 2684 8040
2510 560 405
2511 9570 6669
2512 8530 2353
2513 6788 6589
2514 3840 5314
2515 46 4344
2516 9119 2594
2517 2268 7536
2518 6828 5402
2519 2020 964
2520 3112 802
2521 656 1102
2522 427 7418
2523 4056 5615
2524 6543 4190
2525 6550 2706
2526 5743 6886
2527 4636 3817
2528 6652 8384
2529 7162 5806
2530 8778 2602
2531 890 7674
2532 3819 2200
2533 4247 7425
2534 7371 4706
2535 9762 7508
2536 4400 9675
2537 4339 1339
2538 3050 9715
2539 738 8979
2540 8551 3643
2541 4378 8106
2542 7674 6398
2543 4650 4622
2544 7456 634
2545 4144 4851
2546 8240 5527
2547 7613 7974
2548 4259 6109
2549 1761 4738
2550 8526 9915
2551 6138 3184
2552 9377 4536
2553 5500 5177
2554 2600 9616
2555 7295 5015
2556 3351 563
2557 2211 7572
2558 9035 9501
2559 7087 642
2560 8633 7825
2561 7422 4629
2562 1300 9291
2563 9695 7747
2564 6720 9649
2565 6092 990
2566 9747 6185
2567 3381 9987
2568 4231 5209
2569 9669 5859
2570 717 111
2571 2613 2647
2572 2073 3586
2573 1288 1933
2574 1343 7717
2575 9384 3262
2576 4017 8758
2577 9725 1449
2578 1302 7792
2579 343 5367
2580 3162 447
2581 4191 8927
2582 8954 9985
2583 8358 3358
2584 2462 3688
2585 7094 7766
2586 2559 510
2587 9733 7967
2588 8693 3226
2589 394 4264
2590 9611 5439
2591 1240 9711
2592 6779 6019
2593 1715 519
2594 5303 4337
2595 9001 227
2596 4369 2474
2597 8801 1636
2598 6803 4184
2599 5946 6902
2600 507 1038
2601 4942 9862
2602 766 3770
2603 2491 2415
2604 1338 2334
2605 183 8642
2606 9874 8055
2607 9156 1129
2608 9396 7033
2609 9113 9675
2610 5083 3438
2611 2626 2620
2612 5157 5394
2613 3174 1635
2614 8817 6100
2615 5904 2114
2616 3785 7281
2617 947 6997
2618 9083 1757
2619 4774 9608
2620 6188 8959
2621 213 2362
2622 5038 8025
2623 9086 2137
2624 5644 5454
2625 8191 7879
2626 7124 1841
2627 2837 1364
2628 1103 7110
2629 725 169
2630 452 4127
2631 6852 2547
2632 3542 569
2633 4281 1719
2634 2913 3482
2635 9144 9559
2636 1628 1977
2637 2080 9672
2638 8771 2765
2639 3664 2860
2640 2314 507
2641 7630 4090
2642 9309 999
2643 5332 3422
2644 2556 7874
2645 3352 6303
2646 6442 7303
2647 2302 3928
2648 7951 5718
2649 379 3420
2650 8998 6071
2651 51 5708
2652 9346 7564
2653 3987 9422
2654 4157 6671
2655 6500 1802
2656 3161 752
2657 6620 2580
2658 6721 1542
2659 8391 3450
2660 1554 6783
2661 2162 1720
2662 2637 553
2663 9856 8869
2664 9820 2275
2665 734 8349
2666 8419 6643
2667 8654 4034
2668 6259 911
2669 8928 9053
2670 5671 4425
2671 6518 984
2672 9663 3882
2673 1984 4244
2674 5169 4965
2675 7167 310
2676 6668 2883
2677 5593 465
2678 7393 8016
2679 6596 3682
2680 7312 3662
2681 6749 3633
2682 3953 8115
2683 8240 4873
2684 2646 571
2685 359 5812
2686 3557 3176
2687 5250 6625
2688 3862 2948
2689 4227 7978
2690 6748 4066
2691 7848 2250
2692 8292 1094
2693 6477 8514
2694 1863 6270
2695 5803 4386
2696 1138 7897
2697 8868 7670
2698 2056 3772
2699 5286 8064
2700 1815 463
2701 5701 7809
2702 5048 3384
2703 3068 1255
2704 4834 1212
2705 5280 5742
2706 9495 2509
2707 869 9564
2708 8206 6376
2709 9873 8840
2710 7661 3821
2711 3083 9016
2712 8754 3413
2713 197 3895
2714 3207 4985
2715 8093 7962
2716 6908 2466
2717 9840 1284
2718 3255 295
2719 7892 3754
2720 3065 8700
2721 532 4533
2722 6455 8965
2723 3501 2229
2724 258 1066
2725 3580 1046
2726 5598 730
2727 9390 93
2728 8737 7968
2729 5725 7376
2730 9026 678
2731 818 3893
2732 1047 1787
2733 9409 6549
2734 4385 1792
2735 3508 9308
2736 9511 5336
2737 6720 761
2738 3544 476
2739 5612 8243
2740 4310 8482
2741 8884 9440
2742 8165 59
2743 4119 864
2744 9558 7890
2745 3607 8106
2746 4398 8146
2747 3956 5093
2748 8663 994
2749 5225 1439
2750 3356 7286
2751 2954 6212
2752 3473 8552
2753 9413 4212
2754 6517 4270
2755 691 2264
2756 5573 4450
2757 3281 9587
2758 4164 5248
2759 5568 2076
2760 9808 6300
2761 1968 1837
2762 6319 2001
2763 7006 6956
2764 2212 8300
2765 4879 5013
2766 2087 1817
2767 1505 7280
2768 2792 7696
2769 5949 2358
2770 944 2345
2771 2041 3479
2772 7731 3616
2773 792 2025
2774 543 2619
2775 5751 2853
2776 5588 7264
2777 3758 1141
2778 3747 4244
2779 3913 5771
2780 678 4835
2781 4354 8372
2782 9045 3212
2783 6586 165
2784 6683 6503
2785 1743 8186
2786 320 4221
2787 5566 6903
2788 4985 4765
2789 1443 3152
2790 6830 6575
2791 1646 8108
2792 8943 729
2793 2815 2213
2794 4805 5060
2795 7245 2013
2796 2470 8439
2797 2705 3274
2798 2765 9268
2799 7386 2918
2800 69 2718
2801 5722 1247
2802 1043 3795
2803 2108 9725
2804 8510 4365
2805 1824 5
2806 9781 4154
2807 9870 9920
2808 5155 8337
2809 8844 8749
2810 5145 2107
2811 5071 3093
2812 1994 7758
2813 4903 6874
2814 1796 7589
2815 7943 2557
2816 9180 1248
2817 2115 4873
2818 498 5775
2819 1893 153
2820 24 8181
2821 6374 9636
2822 3822 2836
2823 9319 1362
2824 6729 3439
2825 1368 2436
2826 2223 7510
2827 3435 2890
2828 7573 1025
2829 8749 2495
2830 2798 9386
2831 157 7099
2832 5355 3772
2833 8928 6241
2834 9032 7360
2835 4546 8795
2836 6245 1719
2837 7120 9522
2838 8646 9694
2839 3805 1082
2840 1589 3041
2841 608 1754
2842 263 2324
2843 7249 4540
2844 3338 1996
2845 9718 7994
2846 8404 4537
2847 3605 8578
2848 7357 6958
2849 6962 443
2850 2830 1993
2851 1416 2251
2852 9121 6926
2853 917 4832
2854 4864 3805
2855 2472 2740
2856 4975 4429
2857 5041 2925
2858 9862 6434
2859 4039 8464
2860 7456 4664
2861 1420 442
2862 8035 9403
2863 1022 1056
2864 6667 3938
2865 1677 8661
2866 2138 1591
2867 7807 8229
2868 7871 9589
2869 7450 8483
2870 6633 5311
2871 8795 3740
2872 4451 4660
2873 9550 7017
2874 7429 9662
2875 600 743
2876 5425 4336
2877 1527 2233
2878 9421 8840
2879 671 6048
2880 9754 6542
2881 1177 2512
2882 6272 4876
2883 7793 6210
2884 5297 2908
2885 3632 627
2886 6499 6553
2887 6158 6956
2888 8610 5468
2889 3482 1126
2890 8472 6891
2891 5178 104
2892 7479 3413
2893 9196 80
2894 553 5392
2895 1874 6235
2896 201 4544
2897 3536 1823
2898 7248 4002
2899 3092 5866
2900 9168 6563
2901 108 3484
2902 1736 7096
2903 5818 6942
2904 4924 1331
2905 1875 7020
2906 9596 3630
2907 9977 9279
2908 3738 459
2909 3509 1328
2910 7935 2877
2911 8569 877
2912 3214 8652
2913 7677 752
2914 8780 5989
2915 1760 3227
2916 9859 2047
2917 3095 5481
2918 2360 6264
2919 729 2019
2920 3932 9737
2921 6162 5202
2922 6306 1851
2923 3046 7972
2924 6955 4724
2925 4620 8677
2926 7880 1026
2927 6078 8177
2928 9229 32
2929 6879 1054
2930 5038 9205
2931 7400 8042
2932 7353 116
2933 7924 4538
2934 9249 2253
2935 1915 8152
2936 7588 8866
2937 1592 5800
2938 7026 2272
2939 4615 6780
2940 6192 2993
2941 6326 9912
2942 449 9904
2943 4891 8430
2944 3048 2872
2945 5177 9954
2946 9553 188
2947 194 8944
2948 3347 2569
2949 3154 9610
2950 1755 1752
2951 7760 2671
2952 2527 4631
2953 7557 8867
2954 8502 8325
2955 5218 8364
2956 3473 5101
2957 2734 8096
2958 4388 5843
2959 9451 9918
2960 128 543
2961 7101 5232
2962 4352 9086
2963 4046 2699
2964 8210 3003
2965 5808 4802
2966 2997 1419
2967 8375 3271
2968 2475 5192
2969 5887 1477
2970 5411 9082
2971 6568 7560
2972 1149 67
2973 9013 9044
2974 6485 1685
2975 9429 7398
2976 2711 8720
2977 9647 5676
2978 8841 2014
2979 9331 1915
2980 9216 4137
2981 880 3212
2982 1418 2956
2983 7201 6312
2984 4373 1179
2985 1843 8120
2986 109 9683
2987 1777 2296
2988 1918 1119
2989 3703 6132
2990 5325 3080
2991 9128 8580
2992 6314 3562
2993 7344 6371
2994 9426 2728
2995 6448 3836
2996 4737 2971
2997 2165 5210
2998 7451 9093
2999 9820 5437
3000 4002 8721
3001 6323 3691
3002 1963 6591
3003 2068 1188
3004 2448 3106
3005 8436 6391
3006 9835 988
3007 4243 713
3008 8175 1427
3009 7280 8268
3010 771 2714
3011 9610 8754
3012 24 6862
3013 2038 6022
3014 6155 3926
3015 7225 9175
3016 7382 1567
3017 8794 5543
3018 3189 2415
3019 1647 3218
3020 7013 3122
3021 9339 5425
3022 3007 1506
3023 6673 6287
3024 7825 4948
3025 9315 196
3026 3316 61
3027 1605 7058
3028 4694 684
3029 2166 8337
3030 2769 3835
3031 3947 6088
3032 6850 3810
3033 2291 5655
3034 4559 7693
3035 8575 9917
3036 108 1137
3037 9826 284
3038 598 778
3039 1367 7122
3040 3965 3596
3041 3798 1859
3042 8963 4250
3043 7864 3624
3044 2589 8074
3045 1319 646
3046 86 3429
3047 9640 907
3048 8370 586
3049 3025 7007
3050 9665 6368
3051 9472 242
3052 4816 9644
3053 225 5703
3054 8981 6605
3055 6305 3740
3056 7366 493
3057 8886 9269
3058 2032 9988
3059 4394 1822
3060 9869 4989
3061 8533 2834
3062 9816 9846
3063 9505 3426
3064 6851 4071
3065 8021 3680
3066 6667 6534
3067 9019 6208
3068 5433 5784
3069 347 5277
3070 1176 4055
3071 8745 3144
3072 1902 4959
3073 5561 7694
3074 9413 584
3075 3900 201
3076 6169 4724
3077 4464 8203
3078 629 2001
3079 5758 1489
3080 4852 8519
3081 4865 3467
3082 8353 2640
3083 5403 7469
3084 8309 5158
3085 9601 9334
3086 6902 6434
3087 1672 3765
3088 3250 7208
3089 6917 1193
3090 676 5196
3091 6312 9221
3092 5450 5644
3093 8390 2763
3094 9336 5558
3095 9258 1310
3096 5054 5858
3097 261 1466
3098 7799 9879
3099 2387 7828
3100 4438 3979
3101 7745 9010
3102 1058 39
3103 538 612
3104 6789 9210
3105 6129 2083
3106 6537 4241
3107 596 5032
3108 9314 9250
3109 3455 3883
3110 8321 3754
3111 6134 4103
3112 7556 7107
3113 3931 1529
3114 9362 5952
3115 4332 6844
3116 6102 8532
3117 8888 3856
3118 7697 8892
3119 1555 2731
3120 9361 6603
3121 309 1647
3122 6452 4091
3123 7306 5102
3124 947 6252
3125 6487 376
3126 645 614
3127 4816 89
3128 1997 5568
3129 7818 6969
3130 9672 6742
3131 5656 1951
3132 8867 8541
3133 2822 3538
3134 810 2181
3135 8008 296
3136 1822 4999
3137 6413 8625
3138 1805 8630
3139 3113 4847
3140 7017 5456
3141 3020 8415
3142 3929 9084
3143 124 1914
3144 2473 8831
3145 2202 9243
3146 6427 5406
3147 1407 5451
3148 1293 269
3149 2873 3954
3150 6359 1838
3151 1332 4610
3152 1898 1268
3153 600 4958
3154 9935 9925
3155 2457 3557
3156 251 884
3157 6574 7128
3158 8639 4666
3159 4885 158
3160 2734 8256
3161 4663 5548
3162 9451 5535
3163 4046 4799
3164 9412 6689
3165 3803 9618
3166 8542 9276
3167 3584 3532
3168 8852 4651
3169 5936 5919
3170 4982 1093
3171 3890 9683
3172 9704 3466
3173 5575 8507
3174 2482 9521
3175 1385 2137
3176 519 5987
3177 1019 4163
3178 8407 7561
3179 4041 5993
3180 9542 6117
3181 5042 7397
3182 9373 5048
3183 2422 5372
3184 2564 7313
3185 8732 8528
3186 2746 9543
3187 375 6743
3188 7235 8072
3189 1735 1898
3190 8219 3529
3191 6428 1663
3192 8724 9596
3193 4289 242
3194 5977 575
3195 7060 9632
3196 6659 3707
3197 4730 64
3198 901 3588
3199 5742 3477
3200 4347 4194
3201 4343 9120
3202 5706 7286
3203 4349 9785
3204 8727 7663
3205 2327 6432
3206 6252 7881
3207 6979 2002
3208 9622 1520
3209 2592 5397
3210 8343 4595
3211 8781 5038
3212 5169 1939
3213 4617 9435
3214 9004 7557
3215 394 4518
3216 8532 5003
3217 1686 9986
3218 2214 3563
3219 8116 2613
3220 8312 1405
3221 784 9201
3222 6484 5186
3223 6232 50
3224 5205 4807
3225 4981 4200
3226 9761 3183
3227 2834 1236
3228 4290 465
3229 2327 778
3230 3429 2315
3231 2119 2497
3232 1889 3382
3233 9779 8237
3234 9582 2774
3235 366 2528
3236 9798 8873
3237 7893 1526
3238 4104 1254
3239 1045 5474
3240 5611 8754
3241 2150 543
3242 7121 9912
3243 9436 7246
3244 3096 1406
3245 2283 7186
3246 9616 4003
3247 1042 2103
3248 5102 9779
3249 3861 7845
3250 2356 6647
3251 6650 7514
3252 5985 1420
3253 1480 1981
3254 553 3474
3255 7299 45
3256 6004 8538
3257 6873 5035
3258 5643 4334
3259 5356 8858
3260 6797 1096
3261 9122 3007
3262 3216 2649
3263 2748 6188
3264 6998 1108
3265 9409 4454
3266 5562 4739
3267 8990 6727
3268 2017 3230
3269 3437 6354
3270 5390 7712
3271 5212 7844
3272 7102 8220
3273 2347 9526
3274 7367 580
3275 5779 8442
3276 470 9715
3277 4965 5793
3278 5814 4553
3279 548 392
3280 7419 9849
3281 9432 7554
3282 765 463
3283 4931 1670
3284 6016 4556
3285 7623 9743
3286 7244 3062
3287 4457 8648
3288 6853 974
3289 7420 8541
3290 713 3860
3291 2906 4406
3292 9437 2480
3293 4022 2453
3294 7497 3029
3295 9262 656
3296 7410 5049
3297 4204 1433
3298 6546 9523
3299 3310 3057
3300 3652 9053
3301 1671 5482
3302 5906 2452
3303 8471 9837
3304 9484 8494
3305 4986 5337
3306 8902 5206
3307 6878 9023
3308 7068 8188
3309 1776 3890
3310 6821 6275
3311 5806 9516
3312 7799 7764
3313 7799 3660
3314 6956 1860
3315 1127 9251
3316 5451 9625
3317 4881 2075
3318 6951 9606
3319 1490 8862
3320 6026 7241
3321 9131 7558
3322 9576 1543
3323 1488 1954
3324 8520 3348
3325 8801 2918
3326 4426 7466
3327 4992 4666
3328 8845 2184
3329 2251 4324
3330 9245 1542
3331 464 8681
3332 6655 1247
3333 2690 4138
3334 3219 1244
3335 7767 526
3336 3111 6890
3337 2778 6386
3338 7912 3384
3339 9312 2053
3340 2050 6499
3341 4106 6346
3342 8357 2076
3343 5674 1726
3344 763 9323
3345 5688 9094
3346 7145 4443
3347 6631 867
3348 1590 2287
3349 2825 2737
3350 4335 7425
3351 4443 715
3352 6502 505
3353 4940 8167
3354 6837 5016
3355 8679 77
3356 6583 9581
3357 3376 9800
3358 5716 9610
3359 1286 776
3360 2221 4277
3361 6781 9117
3362 7998 5003
3363 5363 9500
3364 4514 374
3365 2902 1573
3366 8199 5850
3367 6337 1442
3368 3377 7170
3369 7268 3335
3370 8501 7890
3371 6193 3611
3372 8705 1942
3373 8692 6850
3374 652 8080
3375 9182 765
3376 5979 9929
3377 6968 3008
3378 7931 1839
3379 187 3001
3380 5561 3860
3381 787 1018
3382 5353 8682
3383 6221 2086
3384 2377 656
3385 7672 8737
3386 886 3777
3387 4156 3204
3388 3922 4483
3389 2440 7518
3390 5286 6969
3391 9998 524
3392 9870 8598
3393 3819 4756
3394 2465 3431
3395 5093 6301
3396 5603 6206
3397 6820 1809
3398 2095 3948
3399 9581 8076
3400 8271 8971
3401 2196 3749
3402 606 5116
3403 4085 5032
3404 3866 9044
3405 7039 8084
3406 7888 7653
3407 10000 8894
3408 9284 2334
3409 1305 5059
3410 6726 440
3411 817 7080
3412 5959 1143
3413 8295 3316
3414 2884 3059
3415 4739 7694
3416 7499 4271
3417 5590 423
3418 1653 3003
3419 677 1919
3420 2809 8897
3421 6742 3938
3422 4251 6994
3423 6153 3966
3424 8657 8899
3425 2784 4033
3426 6914 8937
3427 244 9999
3428 9710 4892
3429 9353 2349
3430 7833 9825
3431 4954 8029
3432 5330 1312
3433 3310 7606
3434 6826 4783
3435 1501 2373
3436 1996 2584
3437 6932 1325
3438 2362 6150
3439 3643 7803
3440 1258 2267
3441 1740 3189
3442 9265 6716
3443 2889 5399
3444 9106 7270
3445 2086 5251
3446 579 8846
3447 4101 8943
3448 8079 966
3449 1617 1786
3450 9434 5737
3451 1843 5952
3452 9440 3565
3453 543 3576
3454 3916 1394
3455 5133 3458
3456 3435 9429
3457 6328 2263
3458 5822 106
3459 9296 2529
3460 1140 9820
3461 6641 4728
3462 8864 5148
3463 2838 1715
3464 1635 6253
3465 6746 7670
3466 5389 7262
3467 2012 2076
3468 7450 1723
3469 3794 4899
3470 1007 1095
3471 1520 348
3472 6769 7200
3473 9468 3738
3474 1277 7085
3475 768 4785
3476 5054 837
3477 2367 5600
3478 1636 404
3479 4264 3636
3480 8743 9666
3481 6169 7095
3482 7171 842
3483 375 2482
3484 4780 3860
3485 4053 4747
3486 5871 7329
3487 3007 4053
3488 4340 8340
3489 1223 3487
3490 8898 6839
3491 980 5837
3492 1545 4201
3493 2685 3973
3494 8262 5164
3495 5539 5783
3496 2583 7241
3497 536 6900
3498 7800 1598
3499 9643 3099
3500 4734 5386
3501 3612 7679
3502 2327 2476
3503 4980 7704
3504 662 7325
3505 2043 7907
3506 7238 9323
3507 3590 1610
3508 9489 9109
3509 4360 6070
3510 130 2972
3511 7200 2857
3512 1172 1342
3513 4785 2856
3514 5416 3531
3515 649 5709
3516 7398 8698
3517 9014 8387
3518 7172 7763
3519 178 9257
3520 4293 2277
3521 9184 4199
3522 7231 1097
3523 3839 3539
3524 3597 1461
3525 1684 9003
3526 6539 800
3527 8355 6436
3528 8528 1786
3529 3306 9601
3530 9944 1293
3531 9448 3751
3532 5864 2719
3533 4882 2242
3534 6340 3678
3535 1444 7134
3536 1141 1536
3537 125 7517
3538 422 6517
3539 6209 1782
3540 9734 2250
3541 26 2568
3542 7685 5621
3543 2004 2233
3544 3095 4529
3545 3283 1964
3546 8887 3568
3547 3867 8799
3548 5743 5367
3549 7399 9524
3550 4154 3930
3551 4799 6529
3552 3961 9374
3553 313 3700
3554 1403 6464
3555 7615 4010
3556 2407 4453
3557 518 1043
3558 6348 5745
3559 2941 5560
3560 3323 1941
3561 9496 1781
3562 6248 1672
3563 382 6840
3564 7348 9661
3565 2851 128
3566 1519 6707
3567 2316 5616
3568 6174 5438
3569 4172 7828
3570 5287 7832
3571 196 5394
3572 4572 6873
3573 2702 5866
3574 844 5850
3575 2310 8205
3576 9086 1148
3577 2348 4213
3578 9791 2652
3579 3202 897
3580 4501 3524
3581 2223 7967
3582 2579 221
3583 450 1804
3584 2971 7152
3585 1948 9850
3586 4198 8791
3587 4104 3278
3588 1368 1357
3589 8276 2140
3590 6532 1830
3591 762 1432
3592 5909 3359
3593 9906 9390
3594 8235 664
3595 8782 2889
3596 1442 3554
3597 9501 3413
3598 2462 4522
3599 7586 9577
3600 2130 8479
3601 8029 3228
3602 9674 3663
3603 4409 1216
3604 3314 2099
3605 3236 553
3606 9365 9529
3607 1686 6192
3608 8757 5977
3609 6728 4076
3610 8015 2422
3611 7863 9442
3612 9965 3786
3613 6496 324
3614 706 9637
3615 2298 4785
3616 7072 8426
3617 6335 5565
3618 1932 4483
3619 5605 2381
3620 4347 7945
3621 7231 5838
3622 7261 5735
3623 1553 7774
3624 9262 2057
3625 8596 5068
3626 5539 4240
3627 8805 9829
3628 1027 8793
3629 9312 9138
3630 5062 8077
3631 3004 8146
3632 784 6394
3633 5691 9296
3634 9036 6147
3635 8685 5759
3636 4640 5798
3637 3352 3268
3638 604 6332
3639 3655 4583
3640 7242 235
3641 9007 2576
3642 8196 664
3643 2798 8303
3644 2276 4217
3645 8960 344
3646 7073 7730
3647 1833 2673
3648 2993 9246
3649 9041 3851
3650 5909 493
3651 2941 1239
3652 9072 3572
3653 5091 1991
3654 167 5226
3655 1148 5173
3656 9470 4984
3657 5217 296
3658 6412 9907
3659 9100 1469
3660 2307 4477
3661 9256 1605
3662 6970 4341
3663 9812 9502
3664 940 6861
3665 3093 1895
3666 5933 8914
3667 5942 4933
3668 7096 1139
3669 7961 5647
3670 8808 4493
3671 7237 7141
3672 1012 1469
3673 3097 1072
3674 4153 7337
3675 8335 1802
3676 6981 8806
3677 1847 6579
3678 1664 3667
3679 8861 4310
3680 6241 4106
3681 9410 1471
3682 6758 4109
3683 3503 8376
3684 9812 2315
3685 6717 5626
3686 2521 6804
3687 8846 1194
3688 9862 246
3689 1512 7249
3690 4019 3693
3691 7615 8767
3692 9977 5078
3693 6898 719
3694 3975 5529
3695 6563 8149
3696 4954 2364
3697 3128 9831
3698 8245 3951
3699 5677 7743
3700 4901 3138
3701 9951 9814
3702 7675 6010
3703 6766 3714
3704 5665 8503
3705 706 4932
3706 5438 1544
3707 511 7498
3708 4298 5791
3709 8995 2444
3710 6950 9639
3711 7526 6628
3712 9489 6160
3713 1569 9870
3714 6859 4362
3715 6705 179
3716 5984 4786
3717 101 7244
3718 4471 3706
3719 1362 1165
3720 7846 7873
3721 4126 103
3722 9618 8934
3723 6618 3811
3724 8281 4324
3725 348 8326
3726 328 7396
3727 5811 94
3728 3285 3082
3729 7652 4159
3730 2056 3429
3731 7375 7924
3732 719 9115
3733 5423 6740
3734 1356 7499
3735 2487 4333
3736 5454 2749
3737 9123 4252
3738 132 1868
3739 2862 9443
3740 2635 9271
3741 9846 7015
3742 5633 137
3743 6900 478
3744 2245 2307
3745 8750 7633
3746 7132 4952
3747 6810 7592
3748 8031 6325
3749 3531 1074
3750 2041 4152
3751 59 2142
3752 1789 2370
3753 8400 4833
3754 9604 9723
3755 835 4523
3756 1261 2021
3757 2872 8814
3758 8164 7807
3759 4413 3272
3760 2556 4380
3761 9115 4944
3762 3648 3243
3763 6539 3647
3764 6761 6229
3765 5548 3779
3766 9609 6642
3767 7183 4934
3768 1005 4384
3769 2959 5809
3770 534 1439
3771 7191 9160
3772 7701 4841
3773 5698 3689
3774 2722 7948
3775 3611 1299
3776 3744 2668
3777 5576 3212
3778 4211 8041
3779 5691 4680
3780 8030 3994
3781 469 4066
3782 299 2963
3783 6410 7646
3784 3265 1107
3785 9722 3893
3786 3020 764
3787 6306 5080
3788 3719 2410
3789 8565 217
3790 9351 7449
3791 9613 2663
3792 4228 7096
3793 4080 3685
3794 7662 5210
3795 3782 180
3796 6043 6404
3797 4333 5067
3798 5180 9592
3799 1099 1954
3800 6265 4183
3801 9863 5557
3802 1123 175
3803 2374 655
3804 4074 7961
3805 9133 7572
3806 9263 9269
3807 4045 7901
3808 5254 6842
3809 8148 7890
3810 5518 137
3811 2558 4299
3812 5996 3221
3813 7614 4354
3814 7870 7517
3815 700 1410
3816 8456 3914
3817 9486 7799
3818 2920 3381
3819 1745 9667
3820 6360 3491
3821 777 4315
3822 9733 4184
3823 5283 2558
3824 9595 8983
3825 64 4621
3826 6 3095
3827 4316 6450
3828 4891 153
3829 8340 8819
3830 2440 7129
3831 9491 4311
3832 5025 9809
3833 6164 9330
3834 6198 1302
3835 5806 2857
3836 4411 3656
3837 4739 5492
3838 2475 2719
3839 7525 8473
3840 6348 1526
3841 4569 8636
3842 2630 1600
3843 3186 4496
3844 7848 6310
3845 4822 5815
3846 7932 6202
3847 5072 8400
3848 2523 5550
3849 9327 9259
3850 1067 5173
3851 4578 9128
3852 8477 6133
3853 9296 4921
3854 6978 8491
3855 9967 6282
3856 9121 4792
3857 1266 1076
3858 2080 1079
3859 152 1470
3860 9826 8479
3861 933 4725
3862 9079 7393
3863 2001 159
3864 4632 5622
3865 6746 4181
3866 8199 202
3867 5821 2016
3868 8782 5024
3869 2411 3907
3870 232 1720
3871 600 1312
3872 5289 7680
3873 9469 731
3874 5299 1846
3875 4413 1084
3876 6441 5762
3877 2226 3862
3878 1491 2718
3879 3268 8113
3880 3794 4637
3881 6878 2642
3882 2538 7932
3883 1663 9893
3884 3179 8466
3885 9341 7766
3886 1384 6990
3887 3446 1710
3888 6631 7630
3889 4548 2382
3890 2911 2776
3891 5924 8929
3892 5786 7891
3893 4904 5453
3894 3328 8237
3895 2827 8949
3896 9741 7071
3897 6670 8368
3898 6287 6597
3899 5679 1455
3900 4700 5110
3901 1932 1689
3902 4795 3191
3903 5738 2299
3904 8664 6391
3905 5582 4906
3906 8999 9641
3907 1783 2546
3908 7703 2138
3909 2351 1390
3910 5931 9917
3911 4321 5606
3912 9995 4856
3913 757 3542
3914 9221 7607
3915 7502 3378
3916 8845 7817
3917 3992 3155
3918 2326 7980
3919 7129 1475
3920 4894 6018
3921 4402 6249
3922 1526 2936
3923 9658 8093
3924 2507 5052
3925 1357 519
3926 7741 367
3927 9271 1195
3928 5369 1495
3929 7081 7231
3930 9996 1992
3931 4863 5991
3932 7410 308
3933 1426 9920
3934 5447 990
3935 8065 3015
3936 2150 7217
3937 7590 5341
3938 5216 3971
3939 3601 6118
3940 1677 4214
3941 8805 1538
3942 8897 8826
3943 3352 5325
3944 5259 8019
3945 5819 8248
3946 8603 4440
3947 7866 80
3948 9177 4850
3949 7918 9635
3950 3433 7929
3951 8791 4937
3952 3749 5148
3953 1006 9232
3954 8464 9846
3955 3786 6751
3956 6540 4068
3957 6428 8022
3958 3069 7205
3959 293 2628
3960 3500 9558
3961 7968 46
3962 7695 8013
3963 3342 4300
3964 5081 8011
3965 3166 3849
3966 5557 175
3967 5305 4313
3968 3938 907
3969 5345 8981
3970 8453 4281
3971 2796 9760
3972 2035 7408
3973 7242 3165
3974 2131 3230
3975 2812 5634
3976 5695 7486
3977 7412 3529
3978 8220 5798
3979 7627 6042
3980 2075 38
3981 2436 2764
3982 3476 8415
3983 3808 5081
3984 5750 3999
3985 2139 4314
3986 5216 5379
3987 6456 4767
3988 6568 2236
3989 3966 5232
3990 994 5097
3991 5640 328
3992 3878 5930
3993 7528 2646
3994 7647 9229
3995 6073 9806
3996 4042 3985
3997 7125 5648
3998 2004 7564
3999 1933 7734
4000 3976 3214
4001 4723 1886
4002 6372 1999
4003 6663 5403
4004 4154 9977
4005 6137 3618
4006 2925 5839
4007 453 2161
4008 3377 9776
4009 3160 996
4010 2022 2825
4011 2940 6714
4012 2830 2074
4013 2094 5750
4014 8326 6543
4015 4854 5051
4016 5560 1894
4017 6088 1823
4018 3970 8767
4019 4628 6941
4020 3127 6726
4021 7108 5266
4022 2972 243
4023 3534 2227
4024 6525 9421
4025 9818 5405
4026 8943 34
4027 333 9229
4028 7328 2058
4029 7261 4373
4030 5452 5676
4031 2275 7938
4032 1255 7364
4033 6152 9795
4034 1239 5085
4035 7953 3527
4036 49 8257
4037 9706 5830
4038 1113 6075
4039 1255 6616
4040 2830 959
4041 3149 7413
4042 9390 2849
4043 9590 8211
4044 6061 7848
4045 856 3462
4046 4288 5458
4047 8284 648
4048 413 86
4049 106 3098
4050 9539 5251
4051 1376 4910
4052 1563 2746
4053 5116 7625
4054 3419 8292
4055 9698 3208
4056 1692 2251
4057 5754 666
4058 6801 4703
4059 928 6449
4060 3863 3226
4061 634 1687
4062 4129 259
4063 5649 746
4064 5016 6018
4065 9795 7459
4066 9672 5587
4067 1208 9407
4068 8896 2925
4069 6163 4030
4070 7618 4182
4071 1492 2325
4072 8056 30
4073 6452 5426
4074 1599 7459
4075 5301 4091
4076 5771 548
4077 7033 3965
4078 7079 925
4079 2614 3068
4080 3036 794
4081 1363 4010
4082 1157 9197
4083 7912 9716
4084 5774 3336
4085 4938 5215
4086 6750 2311
4087 2523 8605
4088 384 4680
4089 1899 2384
4090 2654 4845
4091 3539 851
4092 8544 9701
4093 7892 9812
4094 2720 6274
4095 7703 3184
4096 4221 4681
4097 7811 1220
4098 4326 6290
4099 7891 5207
4100 7398 8833
4101 7356 2672
4102 4897 7155
4103 5828 4747
4104 5422 9021
4105 6856 6636
4106 982 7651
4107 7475 8342
4108 1697 9097
4109 724 3575
4110 2896 3526
4111 9088 5593
4112 1193 4935
4113 8744 7144
4114 3183 6218
4115 8659 3452
4116 2836 6108
4117 7406 1474
4118 85 9174
4119 2279 2572
4120 782 9213
4121 1104 4519
4122 5229 3783
4123 995 1645
4124 6763 600
4125 6386 9302
4126 6538 1864
4127 5287 7174
4128 6888 1504
4129 1926 2201
4130 4048 1172
4131 8606 2467
4132 3767 4726
4133 1085 7049
4134 8880 3897
4135 4524 8706
4136 5230 6808
4137 6657 290
4138 5979 3984
4139 6239 8173
4140 4999 7780
4141 2009 6921
4142 7536 363
4143 9496 162
4144 3635 2090
4145 2984 4879
4146 228 4945
4147 3620 5765
4148 8047 3343
4149 4935 4955
4150 2028 1657
4151 2842 3341
4152 5256 3540
4153 8915 7252
4154 2488 1843
4155 1409 21
4156 4267 7726
4157 5674 376
4158 6077 5353
4159 2370 591
4160 1146 1148
4161 2302 9221
4162 7756 5966
4163 7062 3609
4164 3747 4220
4165 3410 3860
4166 2050 8593
4167 3884 6570
4168 1023 5161
4169 1724 6310
4170 2930 6636
4171 8202 4983
4172 5510 5931
4173 3238 485
4174 9010 3230
4175 7417 3765
4176 7780 2376
4177 4160 901
4178 8514 1847
4179 2058 2794
4180 58 1606
4181 50 2453
4182 3816 1216
4183 7782 3062
4184 615 8260
4185 7279 4046
4186 9565 4433
4187 3512 9030
4188 7081 876
4189 4528 7584
4190 3910 6902
4191 174 1809
4192 6252 4183
4193 7719 8676
4194 8611 8979
4195 8652 3808
4196 377 2531
4197 5041 5565
4198 4503 4771
4199 775 4014
4200 9669 883
4201 8210 5404
4202 4616 3180
4203 9302 6624
4204 9048 6773
4205 9994 997
4206 988 2841
4207 4761 6289
4208 3965 6725
4209 229 5454
4210 9148 826
4211 955 1022
4212 3590 953
4213 3045 9969
4214 9472 6330
4215 7309 6474
4216 4230 4238
4217 7798 6829
4218 9873 6250
4219 8933 1652
4220 2916 8104
4221 2273 3644
4222 9685 7368
4223 2830 6366
4224 6189 7467
4225 1305 3575
4226 3769 1953
4227 1109 8549
4228 717 8614
4229 6719 5275
4230 2477 8439
4231 3301 6060
4232 9221 6986
4233 3223 6944
4234 6099 6938
4235 7349 4402
4236 809 1693
4237 3524 3267
4238 8345 3551
4239 4900 4858
4240 4265 4911
4241 2968 2225
4242 3449 2961
4243 311 5851
4244 5277 2798
4245 1571 4966
4246 3567 8438
4247 7444 6088
4248 2346 4404
4249 9225 9335
4250 6467 5003
4251 2824 2954
4252 4323 388
4253 3083 3285
4254 5419 6962
4255 6396 2441
4256 7798 8894
4257 9367 6675
4258 1972 5984
4259 9349 508
4260 393 3529
4261 1445 8180
4262 2142 7561
4263 506 3260
4264 1664 3160
4265 6744 6168
4266 8895 5972
4267 5827 6898
4268 9786 5001
4269 817 3776
4270 4960 7607
4271 4511 6010
4272 6812 6905
4273 5285 8786
4274 736 4562
4275 9013 8842
4276 1582 2473
4277 7841 9351
4278 5835 738
4279 4567 1287
4280 4740 3713
4281 2540 8152
4282 2608 4863
4283 3336 447
4284 5897 511
4285 9174 9701
4286 7398 5465
4287 2219 5454
4288 9481 2782
4289 7723 402
4290 9019 6247
4291 1191 521
4292 3037 3281
4293 9054 2884
4294 6385 4756
4295 151 2057
4296 450 5099
4297 5378 6524
4298 1881 6751
4299 4771 6287
4300 4154 7261
4301 5773 4528
4302 222 3933
4303 2873 622
4304 9267 6168
4305 8124 9753
4306 8718 4944
4307 2596 3763
4308 4626 2561
4309 8656 2739
4310 4682 4837
4311 902 6824
4312 6243 2401
4313 4706 6090
4314 6341 9130
4315 3813 6620
4316 8000 5709
4317 5674 214
4318 4069 3014
4319 7738 2481
4320 6735 6480
4321 1042 8685
4322 8353 1140
4323 2499 8051
4324 7317 19
4325 9223 1092
4326 5921 7967
4327 1786 1945
4328 4788 8751
4329 6731 5260
4330 8846 8979
4331 5299 404
4332 7754 8267
4333 7375 9939
4334 5085 4390
4335 6041 7845
4336 2135 3892
4337 4640 4814
4338 5224 1841
4339 9431 2106
4340 5421 6087
4341 432 4244
4342 963 4830
4343 8945 4524
4344 8316 2255
4345 2756 8270
4346 6646 4907
4347 2127 8156
4348 5143 6686
4349 6182 5776
4350 2788 4035
4351 9914 9656
4352 6599 3718
4353 681 2570
4354 5243 9658
4355 4576 7478
4356 3561 691
4357 8816 5033
4358 5262 7698
4359 4271 1357
4360 4644 5861
4361 7457 6989
4362 978 2377
4363 9280 992
4364 4565 6178
4365 960 383
4366 4326 1237
4367 9454 7477
4368 5094 5237
4369 7393 937
4370 140 3238
4371 1385 7340
4372 4477 9175
4373 8525 5713
4374 6671 3234
4375 4340 5001
4376 835 4040
4377 4131 1631
4378 5657 7687
4379 2609 8243
4380 2398 1609
4381 3047 3645
4382 340 9804
4383 4862 7677
4384 9073 6098
4385 185 8033
4386 6985 4618
4387 697 4964
4388 4279 6202
4389 8484 666
4390 2883 2669
4391 895 7806
4392 4501 7135
4393 3549 7105
4394 418 4129
4395 4146 5289
4396 1449 4707
4397 2336 2716
4398 9967 3714
4399 3725 5796
4400 7037 399
4401 5100 2731
4402 6926 3087
4403 4426 8928
4404 7162 9345
4405 5193 2312
4406 9805 6612
4407 5746 5914
4408 7725 8755
4409 9717 3613
4410 8465 7183
4411 2083 9686
4412 1514 303
4413 2692 3229
4414 2955 586
4415 9729 3383
4416 2633 23
4417 685 3528
4418 4167 1932
4419 9144 5489
4420 4256 9331
4421 9728 6024
4422 7672 3738
4423 5128 5861
4424 7773 5571
4425 6113 7362
4426 6199 6662
4427 4616 6858
4428 6890 6487
4429 5916 3597
4430 2607 8409
4431 1884 7672
4432 3562 7578
4433 2242 6345
4434 9131 5049
4435 1915 7117
4436 4719 6293
4437 8903 5933
4438 3531 2721
4439 105 797
4440 2007 9111
4441 715 4890
4442 9559 6036
4443 7904 1435
4444 6109 6961
4445 9955 7207
4446 5324 5412
4447 3901 4327
4448 35 793
4449 5245 6201
4450 487 7701
4451 9836 2524
4452 9794 6934
4453 8150 6779
4454 878 2177
4455 1030 9369
4456 2451 819
4457 7322 4797
4458 8169 7967
4459 6670 2246
4460 4438 8997
4461 7362 1293
4462 9045 7988
4463 34 460
4464 8308 9983
4465 6858 9861
4466 3621 8171
4467 4841 7116
4468 5105 3468
4469 2054 3071
4470 1702 2479
4471 519 2202
4472 8282 5471
4473 7110 4807
4474 9153 4069
4475 6613 2634
4476 6935 4254
4477 4561 9947
4478 2245 8843
4479 3485 799
4480 4133 67
4481 6682 2631
4482 7005 2258
4483 6019 2146
4484 6852 3564
4485 4865 9161
4486 2684 130
4487 9104 1728
4488 5147 2823
4489 2387 6622
4490 4663 4778
4491 2791 9534
4492 8917 3373
4493 9548 4863
4494 5839 3284
4495 854 6923
4496 4389 7620
4497 7623 3757
4498 2039 1249
4499 7787 8044
4500 8899 6843
4501 7308 8102
4502 6942 2928
4503 3 6793
4504 7296 6747
4505 6304 2993
4506 7443 9002
4507 6655 1089
4508 7653 9352
4509 5840 8657
4510 902 51
4511 8114 1843
4512 5180 3101
4513 5246 2236
4514 7962 2542
4515 3044 3327
4516 6521 1375
4517 2015 7421
4518 7181 1673
4519 2132 1597
4520 5966 8620
4521 680 4079
4522 4125 6644
4523 2327 2564
4524 7860 2147
4525 6960 8228
4526 4814 628
4527 3391 7937
4528 4038 4981
4529 6114 8552
4530 4492 3294
4531 3768 1910
4532 1119 1288
4533 8112 7912
4534 1656 4147
4535 3407 5867
4536 5464 1464
4537 9461 3584
4538 9694 4861
4539 1533 6514
4540 6250 1737
4541 3956 8889
4542 2687 5435
4543 9524 8139
4544 1612 3825
4545 4566 7091
4546 9461 1145
4547 7641 8946
4548 546 5927
4549 9312 443
4550 705 2990
4551 5202 5774
4552 5339 2794
4553 8540 6437
4554 9833 6670
4555 9927 1812
4556 738 4597
4557 8151 1739
4558 775 890
4559 1819 9666
4560 1863 6709
4561 879 6514
4562 4655 9561
4563 6885 6176
4564 2929 3388
4565 8068 7142
4566 3562 9013
4567 1546 7758
4568 3691 1949
4569 3118 5493
4570 7130 7086
4571 5888 5099
4572 3111 7417
4573 4337 3879
4574 3954 720
4575 8412 2844
4576 9072 3676
4577 7100 1111
4578 4549 1366
4579 1952 5867
4580 2905 6058
4581 6015 5066
4582 3792 5306
4583 7758 5901
4584 9012 2599
4585 1997 8259
4586 7319 8753
4587 3573 3919
4588 6890 7199
4589 8267 5432
4590 8518 7404
4591 3429 8418
4592 8321 4238
4593 3114 7433
4594 7959 4612
4595 4173 6673
4596 2605 126
4597 8116 5904
4598 4680 995
4599 8688 8231
4600 5209 1098
4601 1365 5821
4602 2809 5614
4603 6644 6468
4604 7479 4907
4605 2330 1753
4606 506 3502
4607 1406 269
4608 4903 5142
4609 9842 4189
4610 788 5230
4611 317 9965
4612 6900 8847
4613 2983 7875
4614 2142 1218
4615 3861 1908
4616 1477 878
4617 8339 2781
4618 2393 9763
4619 8193 4519
4620 415 6997
4621 9179 1371
4622 3469 7556
4623 5329 9818
4624 1280 3278
4625 3463 6319
4626 8397 6197
4627 9086 1438
4628 872 8736
4629 5759 2293
4630 8180 5120
4631 7587 7933
4632 970 2503
4633 2493 67
4634 2553 783
4635 2701 6545
4636 6739 7608
4637 8322 7454
4638 9761 2811
4639 4765 601
4640 2728 1389
4641 831 381
4642 9204 6651
4643 9331 4609
4644 9594 1233
4645 819 4857
4646 595 8139
4647 1408 8400
4648 829 2664
4649 9974 4954
4650 435 8984
4651 4003 2194
4652 9878 6723
4653 5158 9085
4654 7756 7892
4655 1722 8064
4656 6959 3720
4657 7171 3230
4658 2761 2634
4659 5046 9309
4660 4558 2549
4661 7929 2490
4662 2923 8202
4663 4792 7667
4664 7169 6865
4665 1770 2506
4666 2750 9003
4667 4410 5635
4668 5184 1489
4669 167 6428
4670 7879 6635
4671 5545 4289
4672 5396 3028
4673 7524 204
4674 2920 7521
4675 1562 6155
4676 4905 7316
4677 4780 7883
4678 2131 2093
4679 5947 8841
4680 3115 364
4681 3318 7788
4682 1289 6109
4683 783 8071
4684 7386 73
4685 4273 404
4686 2552 4024
4687 2392 6187
4688 1156 2815
4689 9943 7085
4690 1755 9645
4691 4339 392
4692 7209 267
4693 3756 8116
4694 6506 6442
4695 1855 2294
4696 731 4453
4697 3881 4939
4698 9886 4769
4699 7215 5995
4700 8499 7916
4701 6924 4822
4702 3618 3922
4703 7340 5334
4704 1961 999
4705 4392 6122
4706 8917 2319
4707 2606 5163
4708 2153 6356
4709 8277 7127
4710 7737 2131
4711 5008 1760
4712 6954 9784
4713 9339 7000
4714 101 4766
4715 4643 1316
4716 1183 8792
4717 9081 722
4718 4222 8504
4719 6532 4432
4720 976 888
4721 5840 5296
4722 1762 8318
4723 4565 131
4724 930 1329
4725 9105 192
4726 8172 9476
4727 1426 3163
4728 2780 1791
4729 9562 9378
4730 8325 1825
4731 9254 8974
4732 1659 610
4733 3503 268
4734 964 2808
4735 2782 2220
4736 5030 4983
4737 8114 4974
4738 4778 1453
4739 7324 3824
4740 1033 3527
4741 4592 3702
4742 2934 7576
4743 5113 1036
4744 3876 8017
4745 159 6247
4746 2719 3996
4747 8098 1919
4748 5475 3755
4749 6504 6057
4750 2929 4142
4751 8754 7660
4752 9556 7343
4753 5523 9605
4754 1682 571
4755 296 9495
4756 1769 7406
4757 4233 9252
4758 1675 1843
4759 7798 9684
4760 235 3770
4761 2880 5601
4762 2517 8269
4763 9243 2493
4764 4285 7871
4765 5006 9587
4766 6444 3995
4767 6569 7139
4768 8756 2058
4769 8804 3459
4770 7504 1675
4771 5260 7952
4772 5186 8379
4773 675 8316
4774 7322 3855
4775 2549 5104
4776 9827 2916
4777 9901 669
4778 792 7563
4779 8276 182
4780 1806 3050
4781 8289 5798
4782 7946 9716
4783 9581 5078
4784 9779 4216
4785 483 4543
4786 3556 8903
4787 4796 2526
4788 8837 2514
4789 3060 6882
4790 4746 5133
4791 90 2118
4792 9391 6371
4793 2781 2152
4794 8282 5179
4795 6099 2378
4796 5369 1773
4797 8641 3166
4798 8904 5940
4799 1538 9549
4800 4272 636
4801 3016 4198
4802 6325 5134
4803 7252 9865
4804 6620 2093
4805 7371 7303
4806 5419 4654
4807 6408 2852
4808 3552 8679
4809 9230 2941
4810 3129 1670
4811 2239 144
4812 6062 5082
4813 8448 9834
4814 8590 4717
4815 2318 3252
4816 291 9657
4817 8861 3196
4818 3691 2268
4819 5548 8296
4820 2538 3687
4821 7589 6435
4822 4186 3425
4823 6741 4675
4824 507 8808
4825 6149 2576
4826 5403 6913
4827 2045 5292
4828 1716 9789
4829 3176 6711
4830 771 8464
4831 7807 2833
4832 6940 499
4833 9025 7394
4834 3243 9978
4835 3841 976
4836 6194 2154
4837 2268 6293
4838 3262 7263
4839 8832 6046
4840 8939 9630
4841 4146 5206
4842 8021 3206
4843 5520 5939
4844 4336 6140
4845 7853 7042
4846 2283 1728
4847 8974 1476
4848 8296 3899
4849 9410 7686
4850 4813 6203
4851 7432 5923
4852 1940 2603
4853 6182 3300
4854 7272 9000
4855 8070 7688
4856 9648 6665
4857 9849 4827
4858 2048 5866
4859 3469 5307
4860 7821 3388
4861 1109 8739
4862 8151 41
4863 4821 6564
4864 1637 542
4865 4258 698
4866 4000 7297
4867 3546 1820
4868 1980 1594
4869 6242 9175
4870 4087 6664
4871 3455 4348
4872 6868 7261
4873 7862 9568
4874 4940 344
4875 9454 4082
4876 1649 9533
4877 5126 9966
4878 7006 7387
4879 6451 1692
4880 6709 4748
4881 1611 5595
4882 925 960
4883 7145 2822
4884 9150 9944
4885 3294 9294
4886 1862 1480
4887 4192 9287
4888 952 4557
4889 9951 5230
4890 4573 3826
4891 7204 7029
4892 4617 5181
4893 6763 8496
4894 3450 8175
4895 1497 8504
4896 911 3574
4897 6552 2787
4898 8513 2718
4899 1110 774
4900 7969 1708
4901 7658 7064
4902 5605 2919
4903 7065 7193
4904 7869 5783
4905 7334 4461
4906 8216 7489
4907 1460 9996
4908 2759 1675
4909 7371 5197
4910 6476 2107
4911 1485 9173
4912 5379 1012
4913 1618 5290
4914 7919 6029
4915 3792 8608
4916 4629 1917
4917 45 484
4918 2370 2434
4919 9552 1493
4920 7093 7435
4921 5478 5847
4922 5059 1632
4923 5300 152
4924 9248 9826
4925 1919 9882
4926 6270 218
4927 1749 4240
4928 2533 5941
4929 1994 2688
4930 7217 3205
4931 3022 4286
4932 592 1949
4933 9711 7164
4934 6455 239
4935 7061 5024
4936 2695 8456
4937 186 3736
4938 3524 4559
4939 1658 8247
4940 1553 6349
4941 9828 8673
4942 3557 7715
4943 4808 5311
4944 6245 26
4945 7896 7416
4946 3041 6871
4947 1363 1958
4948 6425 1417
4949 4438 3132
4950 4104 1750
4951 9359 5370
4952 2407 2808
4953 9361 2468
4954 9947 4868
4955 3497 9403
4956 8548 690
4957 1535 4137
4958 1490 1390
4959 7575 2593
4960 2236 9894
4961 5963 5865
4962 8446 6317
4963 9330 5460
4964 8635 8461
4965 228 7999
4966 9208 4949
4967 4057 6943
4968 7099 6919
4969 4518 8304
4970 6657 4942
4971 694 4836
4972 4428 3689
4973 8134 5058
4974 254 8933
4975 2970 498
4976 804 2250
4977 9648 1804
4978 2879 4105
4979 8709 3505
4980 1207 5914
4981 5941 7814
4982 8533 2163
4983 6677 5821
4984 5333 5047
4985 3953 9907
4986 9962 6404
4987 3090 3244
4988 332 5372
4989 2799 5494
4990 4303 1536
4991 4733 270
4992 6095 4309
4993 1268 1354
4994 8672 4086
4995 1531 4073
4996 6594 89
4997 2656 712
4998 6060 9566
4999 3736 9038
