0 3502 3652
1 7714 3801
2 2230 6214
3 5444 5530
4 5855 4192
5 2666 9671
6 7869 8422
7 2686 950
8 5273 5616
9 8758 1032
10 8385 6775
11 7319 2074
12 751 295
13 1453 6936
14 9185 390
15 6970 4551
16 4254 8481
17 115 2644
18 3923 7125
19 5795 5777
20 8700 8348
21 9800 5076
22 7482 4667
23 9252 2244
24 9466 1547
25 1456 7961
26 2920 3409
27 6562 1249
28 2698 3074
29 9018 6040
30 2204 3391
31 4610 5883
32 2718 6222
33 1804 2351
34 2842 9890
35 503 4585
36 7448 5680
37 8767 7038
38 7975 7751
39 9944 7721
40 9311 1663
41 4545 1181
42 7420 6606
43 7561 9484
44 525 536
45 6384 2380
46 4818 2916
47 4508 7068
48 8160 1982
49 4418 200
50 5229 5395
51 9176 2054
52 1119 3680
53 7876 7327
54 3697 4833
55 655 3083
56 4475 615
57 6064 3153
58 1180 7805
59 6032 4734
60 6721 7209
61 1021 7828
62 4740 4446
63 6958 9574
64 3993 231
65 9105 8087
66 3474 1486
67 4954 2246
68 8101 5266
69 6439 4786
70 7784 9199
71 8908 7836
72 9211 1431
73 7161 2707
74 8545 9582
75 6002 800
76 1913 5785
77 9784 9830
78 4543 5404
79 4964 5053
80 1799 9138
81 5784 7922
82 8976 8008
83 6577 9387
84 9064 436
85 3459 2316
86 725 5114
87 4530 5020
88 628 1870
89 7258 7276
90 5301 180
91 2254 944
92 2833 7054
93 3772 7917
94 7678 6389
95 9938 5602
96 1742 5576
97 9843 2830
98 711 4789
99 9752 228
100 3460 8655
101 4249 3613
102 5320 7273
103 1575 3122
104 852 4870
105 8674 4278
106 1471 7181
107 8686 5749
108 6983 5980
109 367 4832
110 9245 8962
111 8711 593
112 1810 7999
113 9817 2034
114 6485 8773
115 2417 6619
116 5089 369
117 246 1971
118 3580 7883
119 7754 4414
120 6894 4388
121 4305 7150
122 673 1156
123 9559 3919
124 9776 6507
125 1485 1039
126 7060 9017
127 4135 465
128 4379 6693
129 7996 9262
130 5126 3089
131 2722 6025
132 3723 4782
133 2950 4488
134 4869 8978
135 133 7613
136 9806 9857
137 9016 6852
138 6414 5462
139 5562 459
140 2365 9516
141 1909 9933
142 766 1129
143 1659 4992
144 4541 4509
145 9179 1260
146 4671 3147
147 2380 8729
148 1243 6441
149 1603 223
150 7944 246
151 6742 6198
152 8095 5830
153 9748 4082
154 9933 6020
155 9924 5033
156 6982 5429
157 3315 3957
158 6654 8769
159 8077 4318
160 4334 1642
161 5189 3951
162 2466 6484
163 6273 4899
164 5347 2346
165 2939 6812
166 9925 523
167 2598 1685
168 7276 8266
169 2708 2936
170 9622 4455
171 326 6670
172 8320 965
173 6068 3401
174 7282 6317
175 9693 6881
176 5713 1018
177 6853 1633
178 8426 2408
179 1193 8776
180 5883 8732
181 6852 4795
182 4394 5856
183 8881 4511
184 2517 899
185 5504 652
186 5332 8091
187 1225 4270
188 6250 5617
189 63 3216
190 5096 950
191 8903 9565
192 5000 8284
193 2392 9342
194 5333 4469
195 7284 6225
196 2181 7795
197 9568 9131
198 7809 498
199 8638 8097
200 8886 9916
201 4259 9210
202 7368 4109
203 8843 8770
204 918 9852
205 230 7681
206 341 8966
207 4138 731
208 3951 1333
209 9339 2574
210 1129 3738
211 9567 5767
212 7365 1321
213 8807 4855
214 9541 4977
215 1313 34
216 996 4444
217 2586 9455
218 9590 2211
219 224 3259
220 3103 3135
221 7344 4830
222 9434 5697
223 9360 7803
224 7969 7663
225 6498 8389
226 7318 6700
227 1679 6152
228 5075 4346
229 3829 4270
230 3952 2292
231 9128 6484
232 9654 5553
233 5760 165
234 5510 3177
235 9471 6971
236 3099 6059
237 1542 7742
238 4043 7153
239 1142 1293
240 5668 3859
241 7134 2964
242 2496 6353
243 468 7591
244 5387 3018
245 1580 7746
246 5325 9445
247 2881 5585
248 538 8031
249 7065 9049
250 8085 8659
251 5798 5281
252 3660 1014
253 3033 6526
254 1307 861
255 5027 1230
256 5181 2712
257 3626 6658
258 2433 6758
259 8208 2265
260 5561 8459
261 4867 9658
262 2796 9667
263 3031 7841
264 1262 8767
265 9296 3249
266 1871 133
267 1521 2755
268 9122 1497
269 9333 7830
270 4756 4196
271 3105 5182
272 204 1388
273 4640 2542
274 892 4582
275 9617 9865
276 4455 3986
277 7039 2869
278 8179 2782
279 7724 1602
280 7782 8779
281 9557 5459
282 9718 3892
283 8486 1216
284 4843 7198
285 7445 6952
286 364 3552
287 4464 6307
288 9741 2746
289 5925 2333
290 8646 3309
291 4642 2795
292 1874 7833
293 7748 4491
294 139 5372
295 9489 8286
296 8239 7717
297 6560 5465
298 7204 6852
299 1379 272
300 5618 1183
301 9873 2690
302 1479 3913
303 4031 5224
304 1895 9096
305 3439 7334
306 5417 4675
307 5718 9832
308 475 5140
309 5495 2115
310 216 9459
311 4844 3032
312 5877 6725
313 6478 9888
314 1878 6317
315 8282 4036
316 5137 9586
317 4473 1302
318 2277 7232
319 2905 6163
320 3653 9934
321 732 4887
322 4651 4097
323 3500 7707
324 9039 7875
325 3039 3238
326 4239 9657
327 7883 4470
328 6065 2900
329 7629 8818
330 1236 7366
331 3559 2259
332 2153 983
333 1452 6410
334 5535 1552
335 7770 6249
336 6391 325
337 5209 4361
338 2699 8409
339 8700 4409
340 9857 4292
341 7358 1356
342 6680 6765
343 2049 6365
344 8285 7936
345 617 8559
346 7996 3914
347 7093 4267
348 6297 8880
349 7423 4999
350 350 6525
351 7689 3612
352 7128 9833
353 8778 1480
354 9551 1325
355 983 3047
356 6018 8861
357 9368 4420
358 2971 6016
359 7293 3684
360 9940 262
361 8380 4929
362 3562 3894
363 4326 2756
364 9736 8893
365 4896 3776
366 9571 4101
367 1344 9306
368 4420 5153
369 8236 1731
370 4237 8317
371 7295 4980
372 6253 9505
373 2852 5151
374 604 2064
375 3183 6970
376 9989 1898
377 6865 6024
378 5918 2413
379 610 3877
380 2731 1957
381 47 1239
382 2062 135
383 6842 1973
384 7251 709
385 8686 9360
386 2138 8253
387 297 9601
388 2114 9293
389 4810 4115
390 9786 2980
391 6423 4111
392 234 7933
393 2306 9193
394 837 8988
395 5035 71
396 4464 2382
397 7850 797
398 5316 7313
399 4051 5193
400 8945 9170
401 2785 664
402 817 6789
403 3902 8841
404 9643 7115
405 2195 8897
406 965 344
407 5610 9882
408 6102 1158
409 5710 2320
410 5059 1053
411 2452 2545
412 9822 6842
413 9683 9189
414 7772 9095
415 7449 1269
416 6606 9451
417 5318 9681
418 5439 6715
419 9197 6668
420 6689 5318
421 1242 1100
422 982 9572
423 2363 8078
424 5501 4030
425 91 6075
426 8155 9307
427 5591 1859
428 1182 8832
429 5980 4496
430 2718 6686
431 4103 7321
432 8880 1139
433 1889 1988
434 4424 8413
435 3035 3649
436 2567 8338
437 7661 2665
438 1180 2372
439 4732 6479
440 6606 6249
441 2831 4549
442 7242 9622
443 3815 3610
444 9515 3644
445 4917 5023
446 4875 581
447 776 9912
448 6560 7569
449 7743 2780
450 6001 7702
451 3206 7773
452 2374 929
453 807 7554
454 5345 1150
455 2339 7293
456 3194 927
457 1215 5485
458 4484 8
459 5901 871
460 4648 4239
461 8306 8527
462 8767 6159
463 1138 8861
464 7836 483
465 4288 5912
466 5190 7146
467 5705 5735
468 5700 8208
469 1492 4940
470 9285 6388
471 2924 5003
472 2429 2231
473 114 5234
474 7955 8791
475 2482 967
476 8245 6144
477 7959 2692
478 141 5662
479 1928 5166
480 9822 5357
481 3830 2634
482 9395 9357
483 7094 7716
484 9534 1700
485 6314 7066
486 4794 2354
487 8153 1756
488 4620 9389
489 5642 5671
490 6231 6037
491 1712 3725
492 9743 8053
493 4927 8371
494 1215 2754
495 1387 6531
496 7332 7454
497 405 8823
498 2294 3307
499 1230 5443
500 2027 5922
